
22.000000000000	-6.2893903374677
22.008000000000	-6.4108545198071
22.016000000000	-6.5326022135147
22.024000000000	-6.6546352751877
22.032000000000	-6.7769555781104
22.040000000000	-6.8995650124369
22.048000000000	-7.0224654853749
22.056000000000	-7.1456589213730
22.064000000000	-7.2691472623091
22.072000000000	-7.3929324676829
22.080000000000	-7.5170165148089
22.088000000000	-7.6414013990141
22.096000000000	-7.7660891338359
22.104000000000	-7.8910817512249
22.112000000000	-8.0163813017484
22.120000000000	-8.1419898547979
22.128000000000	-8.2679094987983
22.136000000000	-8.3941423414207
22.144000000000	-8.5206905097975
22.152000000000	-8.6475561507404
22.160000000000	-8.7747414309611
22.168000000000	-8.9022485372955
22.176000000000	-9.0300796769301
22.184000000000	-9.1582370776319
22.192000000000	-9.2867229879811
22.200000000000	-9.4155396776069
22.208000000000	-9.5446894374269
22.216000000000	-9.6741745798888
22.224000000000	-9.8039974392161
22.232000000000	-9.9341603716566
22.240000000000	-10.064665755735
22.248000000000	-10.195515992506
22.256000000000	-10.326713505819
22.264000000000	-10.458260742571
22.272000000000	-10.590160172982
22.280000000000	-10.722414290859
22.288000000000	-10.855025613869
22.296000000000	-10.987996683818
22.304000000000	-11.121330066933
22.312000000000	-11.255028354139
22.320000000000	-11.389094161356
22.328000000000	-11.523530129786
22.336000000000	-11.658338926210
22.344000000000	-11.793523243291
22.352000000000	-11.929085799872
22.360000000000	-12.065029341291
22.368000000000	-12.201356639691
22.376000000000	-12.338070494336
22.384000000000	-12.475173731936
22.392000000000	-12.612669206968
22.400000000000	-12.750559802010
22.408000000000	-12.888848428075
22.416000000000	-13.027538024949
22.424000000000	-13.166631561540
22.432000000000	-13.306132036220
22.440000000000	-13.446042477186
22.448000000000	-13.586365942816
22.456000000000	-13.727105522030
22.464000000000	-13.868264334668
22.472000000000	-14.009845531852
22.480000000000	-14.151852296378
22.488000000000	-14.294287843092
22.496000000000	-14.437155419285
22.504000000000	-14.580458305087
22.512000000000	-14.724199813870
22.520000000000	-14.868383292654
22.528000000000	-15.013012122523
22.536000000000	-15.158089719039
22.544000000000	-15.303619532671
22.552000000000	-15.449605049225
22.560000000000	-15.596049790283
22.568000000000	-15.742957313642
22.576000000000	-15.890331213768
22.584000000000	-16.038175122252
22.592000000000	-16.186492708271
22.600000000000	-16.335287679061
22.608000000000	-16.484563780389
22.616000000000	-16.634324797042
22.624000000000	-16.784574553312
22.632000000000	-16.935316913499
22.640000000000	-17.086555782411
22.648000000000	-17.238295105880
22.656000000000	-17.390538871278
22.664000000000	-17.543291108049
22.672000000000	-17.696555888242
22.680000000000	-17.850337327052
22.688000000000	-18.004639583375
22.696000000000	-18.159466860365
22.704000000000	-18.314823405999
22.712000000000	-18.470713513659
22.720000000000	-18.627141522710
22.728000000000	-18.784111819099
22.736000000000	-18.941628835951
22.744000000000	-19.099697054183
22.752000000000	-19.258321003126
22.760000000000	-19.417505261149
22.768000000000	-19.577254456304
22.776000000000	-19.737573266967
22.784000000000	-19.898466422504
22.792000000000	-20.059938703933
22.800000000000	-20.221994944602
22.808000000000	-20.384640030881
22.816000000000	-20.547878902860
22.824000000000	-20.711716555055
22.832000000000	-20.876158037129
22.840000000000	-21.041208454626
22.848000000000	-21.206872969709
22.856000000000	-21.373156801915
22.864000000000	-21.540065228920
22.872000000000	-21.707603587316
22.880000000000	-21.875777273397
22.888000000000	-22.044591743963
22.896000000000	-22.214052517127
22.904000000000	-22.384165173148
22.912000000000	-22.554935355263
22.920000000000	-22.726368770538
22.928000000000	-22.898471190736
22.936000000000	-23.071248453189
22.944000000000	-23.244706461693
22.952000000000	-23.418851187412
22.960000000000	-23.593688669793
22.968000000000	-23.769225017504
22.976000000000	-23.945466409379
22.984000000000	-24.122419095378
22.992000000000	-24.300089397570
23.000000000000	-24.478483711120
23.008000000000	-24.657608505297
23.016000000000	-24.837470324504
23.024000000000	-25.018075789310
23.032000000000	-25.199431597512
23.040000000000	-25.381544525202
23.048000000000	-25.564421427862
23.056000000000	-25.748069241470
23.064000000000	-25.932494983618
23.072000000000	-26.117705754663
23.080000000000	-26.303708738881
23.088000000000	-26.490511205645
23.096000000000	-26.678120510625
23.104000000000	-26.866544097003
23.112000000000	-27.055789496706
23.120000000000	-27.245864331664
23.128000000000	-27.436776315082
23.136000000000	-27.628533252737
23.144000000000	-27.821143044291
23.152000000000	-28.014613684630
23.160000000000	-28.208953265222
23.168000000000	-28.404169975494
23.176000000000	-28.600272104237
23.184000000000	-28.797268041026
23.192000000000	-28.995166277671
23.200000000000	-29.193975409683
23.208000000000	-29.393704137770
23.216000000000	-29.594361269354
23.224000000000	-29.795955720112
23.232000000000	-29.998496515544
23.240000000000	-30.201992792560
23.248000000000	-30.406453801105
23.256000000000	-30.611888905795
23.264000000000	-30.818307587591
23.272000000000	-31.025719445493
23.280000000000	-31.234134198264
23.288000000000	-31.443561686184
23.296000000000	-31.654011872827
23.304000000000	-31.865494846868
23.312000000000	-32.078020823927
23.320000000000	-32.291600148427
23.328000000000	-32.506243295499
23.336000000000	-32.721960872904
23.344000000000	-32.938763622997
23.352000000000	-33.156662424711
23.360000000000	-33.375668295586
23.368000000000	-33.595792393817
23.376000000000	-33.817046020349
23.384000000000	-34.039440620994
23.392000000000	-34.262987788586
23.400000000000	-34.487699265174
23.408000000000	-34.713586944248
23.416000000000	-34.940662872997
23.424000000000	-35.168939254608
23.432000000000	-35.398428450602
23.440000000000	-35.629142983203
23.448000000000	-35.861095537751
23.456000000000	-36.094298965145
23.464000000000	-36.328766284338
23.472000000000	-36.564510684855
23.480000000000	-36.801545529370
23.488000000000	-37.039884356304
23.496000000000	-37.279540882485
23.504000000000	-37.520529005830
23.512000000000	-37.762862808086
23.520000000000	-38.006556557606
23.528000000000	-38.251624712168
23.536000000000	-38.498081921842
23.544000000000	-38.745943031904
23.552000000000	-38.995223085787
23.560000000000	-39.245937328088
23.568000000000	-39.498101207615
23.576000000000	-39.751730380486
23.584000000000	-40.006840713272
23.592000000000	-40.263448286193
23.600000000000	-40.521569396358
23.608000000000	-40.781220561063
23.616000000000	-41.042418521128
23.624000000000	-41.305180244295
23.632000000000	-41.569522928673
23.640000000000	-41.835464006237
23.648000000000	-42.103021146378
23.656000000000	-42.372212259506
23.664000000000	-42.643055500709
23.672000000000	-42.915569273465
23.680000000000	-43.189772233409
23.688000000000	-43.465683292156
23.696000000000	-43.743321621178
23.704000000000	-44.022706655738
23.712000000000	-44.303858098885
23.720000000000	-44.586795925498
23.728000000000	-44.871540386394
23.736000000000	-45.158112012491
23.744000000000	-45.446531619033
23.752000000000	-45.736820309868
23.760000000000	-46.028999481788
23.768000000000	-46.323090828930
23.776000000000	-46.619116347231
23.784000000000	-46.917098338949
23.792000000000	-47.217059417239
23.800000000000	-47.519022510792
23.808000000000	-47.823010868527
23.816000000000	-48.129048064357
23.824000000000	-48.437158001995
23.832000000000	-48.747364919838
23.840000000000	-49.059693395900
23.848000000000	-49.374168352807
23.856000000000	-49.690815062850
23.864000000000	-50.009659153098
23.872000000000	-50.330726610567
23.880000000000	-50.654043787447
23.888000000000	-50.979637406386
23.896000000000	-51.307534565833
23.904000000000	-51.637762745428
23.912000000000	-51.970349811453
23.920000000000	-52.305324022333
23.928000000000	-52.642714034191
23.936000000000	-52.982548906451
23.944000000000	-53.324858107491
23.952000000000	-53.669671520341
23.960000000000	-54.017019448432
23.968000000000	-54.366932621381
23.976000000000	-54.719442200823
23.984000000000	-55.074579786283
23.992000000000	-55.432377421074
24.000000000000	-55.792867598246
24.008000000000	-56.156083266551
24.016000000000	-56.522057836439
24.024000000000	-56.890825186088
24.032000000000	-57.262419667442
24.040000000000	-57.636876112269
24.048000000000	-58.014229838243
24.056000000000	-58.394516655012
24.064000000000	-58.777772870296
24.072000000000	-59.164035295959
24.080000000000	-59.553341254089
24.088000000000	-59.945728583062
24.096000000000	-60.341235643582
24.104000000000	-60.739901324701
24.112000000000	-61.141765049804
24.120000000000	-61.546866782553
24.128000000000	-61.955247032786
24.136000000000	-62.366946862356
24.144000000000	-62.782007890908
24.152000000000	-63.200472301577
24.160000000000	-63.622382846610
24.168000000000	-64.047782852885
24.176000000000	-64.476716227325
24.184000000000	-64.909227462199
24.192000000000	-65.345361640289
24.200000000000	-65.785164439911
24.208000000000	-66.228682139787
24.216000000000	-66.675961623742
24.224000000000	-67.127050385205
24.232000000000	-67.581996531523
24.240000000000	-68.040848788041
24.248000000000	-68.503656501954
24.256000000000	-68.970469645892
24.264000000000	-69.441338821239
24.272000000000	-69.916315261144
24.280000000000	-70.395450833222
24.288000000000	-70.878798041907
24.296000000000	-71.366410030435
24.304000000000	-71.858340582446
24.312000000000	-72.354644123156
24.320000000000	-72.855375720091
24.328000000000	-73.360591083337
24.336000000000	-73.870346565297
24.344000000000	-74.384699159893
24.352000000000	-74.903706501215
24.360000000000	-75.427426861545
24.368000000000	-75.955919148758
24.376000000000	-76.489242903022
24.384000000000	-77.027458292791
24.392000000000	-77.570626110036
24.400000000000	-78.118807764657
24.408000000000	-78.672065278061
24.416000000000	-79.230461275830
24.424000000000	-79.794058979448
24.432000000000	-80.362922197032
24.440000000000	-80.937115313003
24.448000000000	-81.516703276665
24.456000000000	-82.101751589609
24.464000000000	-82.692326291905
24.472000000000	-83.288493947004
24.480000000000	-83.890321625296
24.488000000000	-84.497876886257
24.496000000000	-85.111227759113
24.504000000000	-85.730442721953
24.512000000000	-86.355590679224
24.520000000000	-86.986740937520
24.528000000000	-87.623963179604
24.536000000000	-88.267327436568
24.544000000000	-88.916904058070
24.552000000000	-89.572763680538
24.560000000000	-90.234977193277
24.568000000000	-90.903615702387
24.576000000000	-91.578750492397
24.584000000000	-92.260452985521
24.592000000000	-92.948794698462
24.600000000000	-93.643847196645
24.608000000000	-94.345682045798
24.616000000000	-95.054370760789
24.624000000000	-95.769984751602
24.632000000000	-96.492595266372
24.640000000000	-97.222273331374
24.648000000000	-97.959089687864
24.656000000000	-98.703114725680
24.664000000000	-99.454418413495
24.672000000000	-100.21307022564
24.680000000000	-100.97913906540
24.688000000000	-101.75269318466
24.696000000000	-102.53380009985
24.704000000000	-103.32252650410
24.712000000000	-104.11893817548
24.720000000000	-104.92309988132
24.728000000000	-105.73507527843
24.736000000000	-106.55492680927
24.744000000000	-107.38271559393
24.752000000000	-108.21850131790
24.760000000000	-109.06234211559
24.768000000000	-109.91429444955
24.776000000000	-110.77441298539
24.784000000000	-111.64275046237
24.792000000000	-112.51935755967
24.800000000000	-113.40428275839
24.808000000000	-114.29757219928
24.816000000000	-115.19926953626
24.824000000000	-116.10941578582
24.832000000000	-117.02804917237
24.840000000000	-117.95520496970
24.848000000000	-118.89091533864
24.856000000000	-119.83520916108
24.864000000000	-120.78811187063
24.872000000000	-121.74964528003
24.880000000000	-122.71982740563
24.888000000000	-123.69867228916
24.896000000000	-124.68618981722
24.904000000000	-125.68238553870
24.912000000000	-126.68726048059
24.920000000000	-127.70081096258
24.928000000000	-128.72302841097
24.936000000000	-129.75389917222
24.944000000000	-130.79340432689
24.952000000000	-131.84151950437
24.960000000000	-132.89821469910
24.968000000000	-133.96345408895
24.976000000000	-135.03719585627
24.984000000000	-136.11939201270
24.992000000000	-137.20998822805
25.000000000000	-138.30892366441
25.008000000000	-139.41613081621
25.016000000000	-140.53153535691
25.024000000000	-141.65505599358
25.032000000000	-142.78660432984
25.040000000000	-143.92608473853
25.048000000000	-145.07339424463
25.056000000000	-146.22842241977
25.064000000000	-147.39105128896
25.072000000000	-148.56115525074
25.080000000000	-149.73860101153
25.088000000000	-150.92324753521
25.096000000000	-152.11494600878
25.104000000000	-153.31353982502
25.112000000000	-154.51886458289
25.120000000000	-155.73074810659
25.128000000000	-156.94901048392
25.136000000000	-158.17346412463
25.144000000000	-159.40391383931
25.152000000000	-160.64015693943
25.160000000000	-161.88198335884
25.168000000000	-163.12917579711
25.176000000000	-164.38150988492
25.184000000000	-165.63875437159
25.192000000000	-166.90067133474
25.200000000000	-168.16701641195
25.208000000000	-169.43753905418
25.216000000000	-170.71198280045
25.224000000000	-171.99008557345
25.232000000000	-173.27157999520
25.240000000000	-174.55619372211
25.248000000000	-175.84364979853
25.256000000000	-177.13366702759
25.264000000000	-178.42596035837
25.272000000000	-179.72024128791
25.280000000000	178.98378172316
25.288000000000	177.68640282300
25.296000000000	176.38791833051
25.304000000000	175.08862628841
25.312000000000	173.78882600934
25.320000000000	172.48881761669
25.328000000000	171.18890158196
25.336000000000	169.88937826061
25.344000000000	168.59054742816
25.352000000000	167.29270781846
25.360000000000	165.99615666602
25.368000000000	164.70118925420
25.376000000000	163.40809847093
25.384000000000	162.11717437391
25.392000000000	160.82870376672
25.400000000000	159.54296978754
25.408000000000	158.26025151189
25.416000000000	156.98082357088
25.424000000000	155.70495578597
25.432000000000	154.43291282175
25.440000000000	153.16495385748
25.448000000000	151.90133227832
25.456000000000	150.64229538716
25.464000000000	149.38808413756
25.472000000000	148.13893288821
25.480000000000	146.89506917956
25.488000000000	145.65671353242
25.496000000000	144.42407926914
25.504000000000	143.19737235684
25.512000000000	141.97679127295
25.520000000000	140.76252689262
25.528000000000	139.55476239764
25.536000000000	138.35367320649
25.544000000000	137.15942692498
25.552000000000	135.97218331676
25.560000000000	134.79209429313
25.568000000000	133.61930392134
25.576000000000	132.45394845047
25.584000000000	131.29615635430
25.592000000000	130.14604838991
25.600000000000	129.00373767141
25.608000000000	127.86932975766
25.616000000000	126.74292275306
25.624000000000	125.62460742050
25.632000000000	124.51446730537
25.640000000000	123.41257886986
25.648000000000	122.31901163636
25.656000000000	121.23382833924
25.664000000000	120.15708508394
25.672000000000	119.08883151258
25.680000000000	118.02911097511
25.688000000000	116.97796070534
25.696000000000	115.93541200083
25.704000000000	114.90149040614
25.712000000000	113.87621589840
25.720000000000	112.85960307487
25.728000000000	111.85166134148
25.736000000000	110.85239510208
25.744000000000	109.86180394754
25.752000000000	108.87988284440
25.760000000000	107.90662232246
25.768000000000	106.94200866085
25.776000000000	105.98602407225
25.784000000000	105.03864688489
25.792000000000	104.09985172180
25.800000000000	103.16960967732
25.808000000000	102.24788849033
25.816000000000	101.33465271407
25.824000000000	100.42986388238
25.832000000000	99.533480672055
25.840000000000	98.645459061334
25.848000000000	97.765752484208
25.856000000000	96.894311980575
25.864000000000	96.031086342110
25.872000000000	95.176022253784
25.880000000000	94.329064431001
25.888000000000	93.490155752320
25.896000000000	92.659237387752
25.904000000000	91.836248922640
25.912000000000	91.021128477141
25.920000000000	90.213812821328
25.928000000000	89.414237485975
25.936000000000	88.622336869051
25.944000000000	87.838044338001
25.952000000000	87.061292327877
25.960000000000	86.292012435384
25.968000000000	85.530135508933
25.976000000000	84.775591734783
25.984000000000	84.028310719352
25.992000000000	83.288221567807
26.000000000000	82.555252959008
26.008000000000	81.829333216925
26.016000000000	81.110390378616
26.024000000000	80.398352258861
26.032000000000	79.693146511577
26.040000000000	78.994700688086
26.048000000000	78.302942292366
26.056000000000	77.617798833368
26.064000000000	76.939197874509
26.072000000000	76.267067080440
26.080000000000	75.601334261186
26.088000000000	74.941927413759
26.096000000000	74.288774761334
26.104000000000	73.641804790098
26.112000000000	73.000946283837
26.120000000000	72.366128356383
26.128000000000	71.737280481986
26.136000000000	71.114332523709
26.144000000000	70.497214759925
26.152000000000	69.885857909002
26.160000000000	69.280193152250
26.168000000000	68.680152155213
26.176000000000	68.085667087373
26.184000000000	67.496670640351
26.192000000000	66.913096044657
26.200000000000	66.334877085074
26.208000000000	65.761948114730
26.216000000000	65.194244067928
26.224000000000	64.631700471783
26.232000000000	64.074253456743
26.240000000000	63.521839766032
26.248000000000	62.974396764080
26.256000000000	62.431862443987
26.264000000000	61.894175434074
26.272000000000	61.361275003564
26.280000000000	60.833101067444
26.288000000000	60.309594190545
26.296000000000	59.790695590899
26.304000000000	59.276347142384
26.312000000000	58.766491376722
26.320000000000	58.261071484855
26.328000000000	57.760031317739
26.336000000000	57.263315386580
26.344000000000	56.770868862553
26.352000000000	56.282637576036
26.360000000000	55.798568015377
26.368000000000	55.318607325239
26.376000000000	54.842703304523
26.384000000000	54.370804403932
26.392000000000	53.902859723155
26.400000000000	53.438819007739
26.408000000000	52.978632645632
26.416000000000	52.522251663444
26.424000000000	52.069627722431
26.432000000000	51.620713114231
26.440000000000	51.175460756361
26.448000000000	50.733824187496
26.456000000000	50.295757562541
26.464000000000	49.861215647530
26.472000000000	49.430153814331
26.480000000000	49.002528035210
26.488000000000	48.578294877243
26.496000000000	48.157411496586
26.504000000000	47.739835632638
26.512000000000	47.325525602080
26.520000000000	46.914440292822
26.528000000000	46.506539157857
26.536000000000	46.101782209036
26.544000000000	45.700130010767
26.552000000000	45.301543673660
26.560000000000	44.905984848107
26.568000000000	44.513415717827
26.576000000000	44.123798993362
26.584000000000	43.737097905546
26.592000000000	43.353276198949
26.600000000000	42.972298125301
26.608000000000	42.594128436901
26.616000000000	42.218732380027
26.624000000000	41.846075688334
26.632000000000	41.476124576265
26.640000000000	41.108845732465
26.648000000000	40.744206313214
26.656000000000	40.382173935877
26.664000000000	40.022716672369
26.672000000000	39.665803042661
26.680000000000	39.311402008306
26.688000000000	38.959482966000
26.696000000000	38.610015741190
26.704000000000	38.262970581711
26.712000000000	37.918318151478
26.720000000000	37.576029524219
26.728000000000	37.236076177260
26.736000000000	36.898429985366
26.744000000000	36.563063214631
26.752000000000	36.229948516436
26.760000000000	35.899058921455
26.768000000000	35.570367833732
26.776000000000	35.243849024821
26.784000000000	34.919476627987
26.792000000000	34.597225132476
26.800000000000	34.277069377863
26.808000000000	33.958984548452
26.816000000000	33.642946167769
26.824000000000	33.328930093109
26.832000000000	33.016912510168
26.840000000000	32.706869927744
26.848000000000	32.398779172519
26.856000000000	32.092617383907
26.864000000000	31.788362008989
26.872000000000	31.485990797518
26.880000000000	31.185481797005
26.888000000000	30.886813347875
26.896000000000	30.589964078713
26.904000000000	30.294912901572
26.912000000000	30.001639007372
26.920000000000	29.710121861366
26.928000000000	29.420341198689
26.936000000000	29.132277019977
26.944000000000	28.845909587071
26.952000000000	28.561219418787
26.960000000000	28.278187286767
26.968000000000	27.996794211401
26.976000000000	27.717021457823
26.984000000000	27.438850531981
26.992000000000	27.162263176777
27.000000000000	26.887241368281
27.008000000000	26.613767312008
27.016000000000	26.341823439275
27.024000000000	26.071392403614
27.032000000000	25.802457077262
27.040000000000	25.535000547711
27.048000000000	25.269006114325
27.056000000000	25.004457285019
27.064000000000	24.741337773004
27.072000000000	24.479631493590
27.080000000000	24.219322561051
27.088000000000	23.960395285547
27.096000000000	23.702834170108
27.104000000000	23.446623907670
27.112000000000	23.191749378169
27.120000000000	22.938195645688
27.128000000000	22.685947955659
27.136000000000	22.434991732117
27.144000000000	22.185312574999
27.152000000000	21.936896257501
27.160000000000	21.689728723479
27.168000000000	21.443796084893
27.176000000000	21.199084619310
27.184000000000	20.955580767434
27.192000000000	20.713271130697
27.200000000000	20.472142468883
27.208000000000	20.232181697794
27.216000000000	19.993375886962
27.224000000000	19.755712257395
27.232000000000	19.519178179367
27.240000000000	19.283761170240
27.248000000000	19.049448892328
27.256000000000	18.816229150794
27.264000000000	18.584089891581
27.272000000000	18.353019199384
27.280000000000	18.123005295642
27.288000000000	17.894036536577
27.296000000000	17.666101411257
27.304000000000	17.439188539687
27.312000000000	17.213286670938
27.320000000000	16.988384681300
27.328000000000	16.764471572466
27.336000000000	16.541536469739
27.344000000000	16.319568620275
27.352000000000	16.098557391345
27.360000000000	15.878492268626
27.368000000000	15.659362854519
27.376000000000	15.441158866486
27.384000000000	15.223870135421
27.392000000000	15.007486604033
27.400000000000	14.791998325264
27.408000000000	14.577395460717
27.416000000000	14.363668279121
27.424000000000	14.150807154802
27.432000000000	13.938802566189
27.440000000000	13.727645094332
27.448000000000	13.517325421443
27.456000000000	13.307834329459
27.464000000000	13.099162698620
27.472000000000	12.891301506073
27.480000000000	12.684241824485
27.488000000000	12.477974820688
27.496000000000	12.272491754327
27.504000000000	12.067783976537
27.512000000000	11.863842928634
27.520000000000	11.660660140819
27.528000000000	11.458227230909
27.536000000000	11.256535903071
27.544000000000	11.055577946584
27.552000000000	10.855345234612
27.560000000000	10.655829722990
27.568000000000	10.457023449032
27.576000000000	10.258918530348
27.584000000000	10.061507163680
27.592000000000	9.8647816237512
27.600000000000	9.6687342621282
27.608000000000	9.4733575061006
27.616000000000	9.2786438575717
27.624000000000	9.0845858919643
27.632000000000	8.8911762571401
27.640000000000	8.6984076723316
27.648000000000	8.5062729270880
27.656000000000	8.3147648802336
27.664000000000	8.1238764588389
27.672000000000	7.9336006572042
27.680000000000	7.7439305358558
27.688000000000	7.5548592205540
27.696000000000	7.3663799013132
27.704000000000	7.1784858314338
27.712000000000	6.9911703265457
27.720000000000	6.8044267636632
27.728000000000	6.6182485802508
27.736000000000	6.4326292733008
27.744000000000	6.2475623984210
27.752000000000	6.0630415689339
27.760000000000	5.8790604549856
27.768000000000	5.6956127826659
27.776000000000	5.5126923331381
27.784000000000	5.3302929417795
27.792000000000	5.1484084973308
27.800000000000	4.9670329410564
27.808000000000	4.7861602659135
27.816000000000	4.6057845157312
27.824000000000	4.4258997843985
27.832000000000	4.2465002150617
27.840000000000	4.0675799993307
27.848000000000	3.8891333764946
27.856000000000	3.7111546327450
27.864000000000	3.5336381004089
27.872000000000	3.3565781571901
27.880000000000	3.1799692254175
27.888000000000	3.0038057713034
27.896000000000	2.8280823042085
27.904000000000	2.6527933759151
27.912000000000	2.4779335799089
27.920000000000	2.3034975506667
27.928000000000	2.1294799629531
27.936000000000	1.9558755311242
27.944000000000	1.7826790084377
27.952000000000	1.6098851863709
27.960000000000	1.4374888939457
27.968000000000	1.2654849970595
27.976000000000	1.0938683978244
27.984000000000	0.92263403391072
27.992000000000	0.75177687789912
28.000000000000	0.58129193663789
28.008000000000	0.41117425060637
28.016000000000	0.24141889328489
28.024000000000	0.072020970530420
28.032000000000	-0.097024380042083
28.040000000000	-0.26572198967220
28.048000000000	-0.43407665906179
28.056000000000	-0.60209315897661
28.064000000000	-0.76977623084259
28.072000000000	-0.93713058733762
28.080000000000	-1.1041609129775
28.088000000000	-1.2708718646971
28.096000000000	-1.4372680724271
28.104000000000	-1.6033541396654
28.112000000000	-1.7691346440441
28.120000000000	-1.9346141378926
28.128000000000	-2.0997971487948
28.136000000000	-2.2646881801441
28.144000000000	-2.4292917116922
28.152000000000	-2.5936122000954
28.160000000000	-2.7576540794560
28.168000000000	-2.9214217618603
28.176000000000	-3.0849196379129
28.184000000000	-3.2481520772673
28.192000000000	-3.4111234291527
28.200000000000	-3.5738380228981
28.208000000000	-3.7363001684528
28.216000000000	-3.8985141569033
28.224000000000	-4.0604842609879
28.232000000000	-4.2222147356076
28.240000000000	-4.3837098183352
28.248000000000	-4.5449737299203
28.256000000000	-4.7060106747928
28.264000000000	-4.8668248415636
28.272000000000	-5.0274204035224
28.280000000000	-5.1878015191339
28.288000000000	-5.3479723325312
28.296000000000	-5.5079369740077
28.304000000000	-5.6676995605063
28.312000000000	-5.8272641961078
28.320000000000	-5.9866349725161
28.328000000000	-6.1458159695428
28.336000000000	-6.3048112555903
28.344000000000	-6.4636248881325
28.352000000000	-6.6222609141952
28.360000000000	-6.7807233708344
28.368000000000	-6.9390162856143
28.376000000000	-7.0971436770835
28.384000000000	-7.2551095552508
28.392000000000	-7.4129179220599
28.400000000000	-7.5705727718637
28.408000000000	-7.7280780918975
28.416000000000	-7.8854378627523
28.424000000000	-8.0426560588472
28.432000000000	-8.1997366489018
28.440000000000	-8.3566835964087
28.448000000000	-8.5135008601050
28.456000000000	-8.6701923944449
28.464000000000	-8.8267621500721
28.472000000000	-8.9832140742921
28.480000000000	-9.1395521115455
28.488000000000	-9.2957802038810
28.496000000000	-9.4519022914300
28.504000000000	-9.6079223128814
28.512000000000	-9.7638442059564
28.520000000000	-9.9196719078864
28.528000000000	-10.075409355889
28.536000000000	-10.231060487650
28.544000000000	-10.386629241797
28.552000000000	-10.542119558390
28.560000000000	-10.697535379397
28.568000000000	-10.852880649180
28.576000000000	-11.008159314987
28.584000000000	-11.163375327433
28.592000000000	-11.318532640993
28.600000000000	-11.473635214498
28.608000000000	-11.628687011625
28.616000000000	-11.783692001396
28.624000000000	-11.938654158678
28.632000000000	-12.093577464685
28.640000000000	-12.248465907485
28.648000000000	-12.403323482504
28.656000000000	-12.558154193041
28.664000000000	-12.712962050780
28.672000000000	-12.867751076309
28.680000000000	-13.022525299639
28.688000000000	-13.177288760734
28.696000000000	-13.332045510031
28.704000000000	-13.486799608981
28.712000000000	-13.641555130578
28.720000000000	-13.796316159907
28.728000000000	-13.951086794681
28.736000000000	-14.105871145796
28.744000000000	-14.260673337886
28.752000000000	-14.415497509875
28.760000000000	-14.570347815549
28.768000000000	-14.725228424118
28.776000000000	-14.880143520798
28.784000000000	-15.035097307383
28.792000000000	-15.190094002835
28.800000000000	-15.345137843874
28.808000000000	-15.500233085576
28.816000000000	-15.655384001977
28.824000000000	-15.810594886679
28.832000000000	-15.965870053473
28.840000000000	-16.121213836955
28.848000000000	-16.276630593161
28.856000000000	-16.432124700203
28.864000000000	-16.587700558912
28.872000000000	-16.743362593494
28.880000000000	-16.899115252184
28.888000000000	-17.054963007918
28.896000000000	-17.210910359010
28.904000000000	-17.366961829833
28.912000000000	-17.523121971512
28.920000000000	-17.679395362631
28.928000000000	-17.835786609939
28.936000000000	-17.992300349069
28.944000000000	-18.148941245276
28.952000000000	-18.305713994168
28.960000000000	-18.462623322461
28.968000000000	-18.619673988738
28.976000000000	-18.776870784218
28.984000000000	-18.934218533542
28.992000000000	-19.091722095560
29.000000000000	-19.249386364143
29.008000000000	-19.407216268990
29.016000000000	-19.565216776466
29.024000000000	-19.723392890433
29.032000000000	-19.881749653110
29.040000000000	-20.040292145937
29.048000000000	-20.199025490454
29.056000000000	-20.357954849193
29.064000000000	-20.517085426587
29.072000000000	-20.676422469892
29.080000000000	-20.835971270120
29.088000000000	-20.995737162991
29.096000000000	-21.155725529902
29.104000000000	-21.315941798906
29.112000000000	-21.476391445712
29.120000000000	-21.637079994698
29.128000000000	-21.798013019947
29.136000000000	-21.959196146291
29.144000000000	-22.120635050383
29.152000000000	-22.282335461778
29.160000000000	-22.444303164040
29.168000000000	-22.606543995865
29.176000000000	-22.769063852223
29.184000000000	-22.931868685520
29.192000000000	-23.094964506783
29.200000000000	-23.258357386866
29.208000000000	-23.422053457673
29.216000000000	-23.586058913408
29.224000000000	-23.750380011848
29.232000000000	-23.915023075634
29.240000000000	-24.079994493592
29.248000000000	-24.245300722074
29.256000000000	-24.410948286328
29.264000000000	-24.576943781889
29.272000000000	-24.743293875999
29.280000000000	-24.910005309055
29.288000000000	-25.077084896082
29.296000000000	-25.244539528236
29.304000000000	-25.412376174336
29.312000000000	-25.580601882424
29.320000000000	-25.749223781357
29.328000000000	-25.918249082430
29.336000000000	-26.087685081031
29.344000000000	-26.257539158330
29.352000000000	-26.427818782997
29.360000000000	-26.598531512960
29.368000000000	-26.769684997195
29.376000000000	-26.941286977555
29.384000000000	-27.113345290632
29.392000000000	-27.285867869661
29.400000000000	-27.458862746462
29.408000000000	-27.632338053419
29.416000000000	-27.806302025505
29.424000000000	-27.980763002344
29.432000000000	-28.155729430325
29.440000000000	-28.331209864744
29.448000000000	-28.507212972011
29.456000000000	-28.683747531889
29.464000000000	-28.860822439787
29.472000000000	-29.038446709102
29.480000000000	-29.216629473608
29.488000000000	-29.395379989902
29.496000000000	-29.574707639894
29.504000000000	-29.754621933365
29.512000000000	-29.935132510566
29.520000000000	-30.116249144885
29.528000000000	-30.297981745568
29.536000000000	-30.480340360497
29.544000000000	-30.663335179042
29.552000000000	-30.846976534960
29.560000000000	-31.031274909373
29.568000000000	-31.216240933806
29.576000000000	-31.401885393295
29.584000000000	-31.588219229563
29.592000000000	-31.775253544278
29.600000000000	-31.962999602372
29.608000000000	-32.151468835445
29.616000000000	-32.340672845250
29.624000000000	-32.530623407246
29.632000000000	-32.721332474247
29.640000000000	-32.912812180153
29.648000000000	-33.105074843761
29.656000000000	-33.298132972675
29.664000000000	-33.491999267303
29.672000000000	-33.686686624952
29.680000000000	-33.882208144017
29.688000000000	-34.078577128273
29.696000000000	-34.275807091267
29.704000000000	-34.473911760823
29.712000000000	-34.672905083645
29.720000000000	-34.872801230039
29.728000000000	-35.073614598752
29.736000000000	-35.275359821921
29.744000000000	-35.478051770151
29.752000000000	-35.681705557716
29.760000000000	-35.886336547885
29.768000000000	-36.091960358389
29.776000000000	-36.298592867014
29.784000000000	-36.506250217340
29.792000000000	-36.714948824626
29.800000000000	-36.924705381834
29.808000000000	-37.135536865817
29.816000000000	-37.347460543660
29.824000000000	-37.560493979175
29.832000000000	-37.774655039574
29.840000000000	-37.989961902309
29.848000000000	-38.206433062084
29.856000000000	-38.424087338053
29.864000000000	-38.642943881207
29.872000000000	-38.863022181946
29.880000000000	-39.084342077858
29.888000000000	-39.306923761696
29.896000000000	-39.530787789566
29.904000000000	-39.755955089337
29.912000000000	-39.982446969266
29.920000000000	-40.210285126861
29.928000000000	-40.439491657976
29.936000000000	-40.670089066148
29.944000000000	-40.902100272197
29.952000000000	-41.135548624069
29.960000000000	-41.370457906964
29.968000000000	-41.606852353722
29.976000000000	-41.844756655510
29.984000000000	-42.084195972787
29.992000000000	-42.325195946587
30.000000000000	-42.567782710095
