
22.000000000000	6.6059252348690
22.008000000000	6.5018212940945
22.016000000000	6.3976697569809
22.024000000000	6.2934700466690
22.032000000000	6.1892215818425
22.040000000000	6.0849237767103
22.048000000000	5.9805760409897
22.056000000000	5.8761777798885
22.064000000000	5.7717283940868
22.072000000000	5.6672272797193
22.080000000000	5.5626738283562
22.088000000000	5.4580674269853
22.096000000000	5.3534074579924
22.104000000000	5.2486932991424
22.112000000000	5.1439243235597
22.120000000000	5.0390998997087
22.128000000000	4.9342193913735
22.136000000000	4.8292821576377
22.144000000000	4.7242875528637
22.152000000000	4.6192349266720
22.160000000000	4.5141236239205
22.168000000000	4.4089529846819
22.176000000000	4.3037223442233
22.184000000000	4.1984310329827
22.192000000000	4.0930783765485
22.200000000000	3.9876636956350
22.208000000000	3.8821863060612
22.216000000000	3.7766455187254
22.224000000000	3.6710406395842
22.232000000000	3.5653709696261
22.240000000000	3.4596358048492
22.248000000000	3.3538344362354
22.256000000000	3.2479661497262
22.264000000000	3.1420302261971
22.272000000000	3.0360259414317
22.280000000000	2.9299525660969
22.288000000000	2.8238093657152
22.296000000000	2.7175956006391
22.304000000000	2.6113105260237
22.312000000000	2.5049533917989
22.320000000000	2.3985234426423
22.328000000000	2.2920199179512
22.336000000000	2.1854420518132
22.344000000000	2.0787890729779
22.352000000000	1.9720602048278
22.360000000000	1.8652546653479
22.368000000000	1.7583716670966
22.376000000000	1.6514104171741
22.384000000000	1.5443701171926
22.392000000000	1.4372499632439
22.400000000000	1.3300491458687
22.408000000000	1.2227668500233
22.416000000000	1.1154022550478
22.424000000000	1.0079545346337
22.432000000000	0.90042285678824
22.440000000000	0.79280638380255
22.448000000000	0.68510427221665
22.456000000000	0.57731567278401
22.464000000000	0.46943973043697
22.472000000000	0.36147558425064
22.480000000000	0.25342236740665
22.488000000000	0.14527920715613
22.496000000000	0.037045224783519
22.504000000000	-0.071280464432861
22.512000000000	-0.17969875125745
22.520000000000	-0.28821053253706
22.528000000000	-0.39681671124020
22.536000000000	-0.50551819649620
22.544000000000	-0.61431590363578
22.552000000000	-0.72321075423241
22.560000000000	-0.83220367614336
22.568000000000	-0.94129560355115
22.576000000000	-1.0504874770068
22.584000000000	-1.1597802434721
22.592000000000	-1.2691748563643
22.600000000000	-1.3786722755993
22.608000000000	-1.4882734676364
22.616000000000	-1.5979794055247
22.624000000000	-1.7077910689481
22.632000000000	-1.8177094442719
22.640000000000	-1.9277355245907
22.648000000000	-2.0378703097755
22.656000000000	-2.1481148065220
22.664000000000	-2.2584700284009
22.672000000000	-2.3689369959059
22.680000000000	-2.4795167365050
22.688000000000	-2.5902102846916
22.696000000000	-2.7010186820357
22.704000000000	-2.8119429772366
22.712000000000	-2.9229842261760
22.720000000000	-3.0341434919715
22.728000000000	-3.1454218450307
22.736000000000	-3.2568203631074
22.744000000000	-3.3683401313564
22.752000000000	-3.4799822423906
22.760000000000	-3.5917477963382
22.768000000000	-3.7036379009010
22.776000000000	-3.8156536714129
22.784000000000	-3.9277962308995
22.792000000000	-4.0400667101392
22.800000000000	-4.1524662477233
22.808000000000	-4.2649959901186
22.816000000000	-4.3776570917298
22.824000000000	-4.4904507149639
22.832000000000	-4.6033780302934
22.840000000000	-4.7164402163227
22.848000000000	-4.8296384598529
22.856000000000	-4.9429739559506
22.864000000000	-5.0564479080135
22.872000000000	-5.1700615278411
22.880000000000	-5.2838160357028
22.888000000000	-5.3977126604095
22.896000000000	-5.5117526393841
22.904000000000	-5.6259372187346
22.912000000000	-5.7402676533270
22.920000000000	-5.8547452068595
22.928000000000	-5.9693711519378
22.936000000000	-6.0841467701509
22.944000000000	-6.1990733521494
22.952000000000	-6.3141521977220
22.960000000000	-6.4293846158761
22.968000000000	-6.5447719249169
22.976000000000	-6.6603154525297
22.984000000000	-6.7760165358612
22.992000000000	-6.8918765216033
23.000000000000	-7.0078967660781
23.008000000000	-7.1240786353222
23.016000000000	-7.2404235051743
23.024000000000	-7.3569327613627
23.032000000000	-7.4736077995943
23.040000000000	-7.5904500256442
23.048000000000	-7.7074608554479
23.056000000000	-7.8246417151924
23.064000000000	-7.9419940414112
23.072000000000	-8.0595192810781
23.080000000000	-8.1772188917038
23.088000000000	-8.2950943414329
23.096000000000	-8.4131471091431
23.104000000000	-8.5313786845440
23.112000000000	-8.6497905682795
23.120000000000	-8.7683842720292
23.128000000000	-8.8871613186131
23.136000000000	-9.0061232420959
23.144000000000	-9.1252715878948
23.152000000000	-9.2446079128858
23.160000000000	-9.3641337855144
23.168000000000	-9.4838507859059
23.176000000000	-9.6037605059771
23.184000000000	-9.7238645495512
23.192000000000	-9.8441645324717
23.200000000000	-9.9646620827197
23.208000000000	-10.085358840532
23.216000000000	-10.206256458521
23.224000000000	-10.327356601796
23.232000000000	-10.448660948086
23.240000000000	-10.570171187863
23.248000000000	-10.691889024471
23.256000000000	-10.813816174252
23.264000000000	-10.935954366673
23.272000000000	-11.058305344465
23.280000000000	-11.180870863745
23.288000000000	-11.303652694160
23.296000000000	-11.426652619019
23.304000000000	-11.549872435432
23.312000000000	-11.673313954450
23.320000000000	-11.796979001207
23.328000000000	-11.920869415063
23.336000000000	-12.044987049753
23.344000000000	-12.169333773529
23.352000000000	-12.293911469315
23.360000000000	-12.418722034855
23.368000000000	-12.543767382868
23.376000000000	-12.669049441204
23.384000000000	-12.794570152999
23.392000000000	-12.920331476839
23.400000000000	-13.046335386918
23.408000000000	-13.172583873205
23.416000000000	-13.299078941608
23.424000000000	-13.425822614143
23.432000000000	-13.552816929106
23.440000000000	-13.680063941243
23.448000000000	-13.807565721930
23.456000000000	-13.935324359345
23.464000000000	-14.063341958654
23.472000000000	-14.191620642186
23.480000000000	-14.320162549626
23.488000000000	-14.448969838196
23.496000000000	-14.578044682849
23.504000000000	-14.707389276458
23.512000000000	-14.837005830014
23.520000000000	-14.966896572821
23.528000000000	-15.097063752701
23.536000000000	-15.227509636189
23.544000000000	-15.358236508747
23.552000000000	-15.489246674968
23.560000000000	-15.620542458788
23.568000000000	-15.752126203701
23.576000000000	-15.884000272975
23.584000000000	-16.016167049876
23.592000000000	-16.148628937884
23.600000000000	-16.281388360926
23.608000000000	-16.414447763602
23.616000000000	-16.547809611417
23.624000000000	-16.681476391018
23.632000000000	-16.815450610433
23.640000000000	-16.949734799310
23.648000000000	-17.084331509169
23.656000000000	-17.219243313641
23.664000000000	-17.354472808729
23.672000000000	-17.490022613061
23.680000000000	-17.625895368146
23.688000000000	-17.762093738641
23.696000000000	-17.898620412614
23.704000000000	-18.035478101817
23.712000000000	-18.172669541960
23.720000000000	-18.310197492983
23.728000000000	-18.448064739345
23.736000000000	-18.586274090306
23.744000000000	-18.724828380214
23.752000000000	-18.863730468804
23.760000000000	-19.002983241491
23.768000000000	-19.142589609672
23.776000000000	-19.282552511034
23.784000000000	-19.422874909863
23.792000000000	-19.563559797360
23.800000000000	-19.704610191955
23.808000000000	-19.846029139639
23.816000000000	-19.987819714282
23.824000000000	-20.129985017976
23.832000000000	-20.272528181362
23.840000000000	-20.415452363980
23.848000000000	-20.558760754613
23.856000000000	-20.702456571639
23.864000000000	-20.846543063386
23.872000000000	-20.991023508499
23.880000000000	-21.135901216301
23.888000000000	-21.281179527170
23.896000000000	-21.426861812915
23.904000000000	-21.572951477156
23.912000000000	-21.719451955721
23.920000000000	-21.866366717028
23.928000000000	-22.013699262498
23.936000000000	-22.161453126948
23.944000000000	-22.309631879012
23.952000000000	-22.458239121554
23.960000000000	-22.607278492090
23.968000000000	-22.756753663221
23.976000000000	-22.906668343066
23.984000000000	-23.057026275706
23.992000000000	-23.207831241628
24.000000000000	-23.359087058188
24.008000000000	-23.510797580063
24.016000000000	-23.662966699726
24.024000000000	-23.815598347919
24.032000000000	-23.968696494133
24.040000000000	-24.122265147101
24.048000000000	-24.276308355291
24.056000000000	-24.430830207410
24.064000000000	-24.585834832917
24.072000000000	-24.741326402539
24.080000000000	-24.897309128797
24.088000000000	-25.053787266542
24.096000000000	-25.210765113495
24.104000000000	-25.368247010796
24.112000000000	-25.526237343566
24.120000000000	-25.684740541467
24.128000000000	-25.843761079280
24.136000000000	-26.003303477489
24.144000000000	-26.163372302870
24.152000000000	-26.323972169093
24.160000000000	-26.485107737333
24.168000000000	-26.646783716886
24.176000000000	-26.809004865798
24.184000000000	-26.971775991502
24.192000000000	-27.135101951466
24.200000000000	-27.298987653848
24.208000000000	-27.463438058165
24.216000000000	-27.628458175966
24.224000000000	-27.794053071522
24.232000000000	-27.960227862521
24.240000000000	-28.126987720777
24.248000000000	-28.294337872946
24.256000000000	-28.462283601260
24.264000000000	-28.630830244262
24.272000000000	-28.799983197560
24.280000000000	-28.969747914592
24.288000000000	-29.140129907397
24.296000000000	-29.311134747404
24.304000000000	-29.482768066229
24.312000000000	-29.655035556486
24.320000000000	-29.827942972612
24.328000000000	-30.001496131700
24.336000000000	-30.175700914350
24.344000000000	-30.350563265527
24.352000000000	-30.526089195441
24.360000000000	-30.702284780432
24.368000000000	-30.879156163870
24.376000000000	-31.056709557078
24.384000000000	-31.234951240253
24.392000000000	-31.413887563420
24.400000000000	-31.593524947381
24.408000000000	-31.773869884700
24.416000000000	-31.954928940681
24.424000000000	-32.136708754381
24.432000000000	-32.319216039626
24.440000000000	-32.502457586048
24.448000000000	-32.686440260137
24.456000000000	-32.871171006308
24.464000000000	-33.056656847990
24.472000000000	-33.242904888723
24.480000000000	-33.429922313282
24.488000000000	-33.617716388810
24.496000000000	-33.806294465976
24.504000000000	-33.995663980144
24.512000000000	-34.185832452570
24.520000000000	-34.376807491605
24.528000000000	-34.568596793927
24.536000000000	-34.761208145790
24.544000000000	-34.954649424290
24.552000000000	-35.148928598656
24.560000000000	-35.344053731553
24.568000000000	-35.540032980413
24.576000000000	-35.736874598786
24.584000000000	-35.934586937710
24.592000000000	-36.133178447101
24.600000000000	-36.332657677171
24.608000000000	-36.533033279863
24.616000000000	-36.734314010311
24.624000000000	-36.936508728322
24.632000000000	-37.139626399882
24.640000000000	-37.343676098689
24.648000000000	-37.548667007699
24.656000000000	-37.754608420716
24.664000000000	-37.961509743986
24.672000000000	-38.169380497830
24.680000000000	-38.378230318300
24.688000000000	-38.588068958855
24.696000000000	-38.798906292077
24.704000000000	-39.010752311397
24.712000000000	-39.223617132861
24.720000000000	-39.437510996922
24.728000000000	-39.652444270253
24.736000000000	-39.868427447598
24.744000000000	-40.085471153650
24.752000000000	-40.303586144950
24.760000000000	-40.522783311828
24.768000000000	-40.743073680372
24.776000000000	-40.964468414418
24.784000000000	-41.186978817585
24.792000000000	-41.410616335334
24.800000000000	-41.635392557063
24.808000000000	-41.861319218229
24.816000000000	-42.088408202515
24.824000000000	-42.316671544016
24.832000000000	-42.546121429472
24.840000000000	-42.776770200530
24.848000000000	-43.008630356041
24.856000000000	-43.241714554395
24.864000000000	-43.476035615892
24.872000000000	-43.711606525149
24.880000000000	-43.948440433544
24.888000000000	-44.186550661701
24.896000000000	-44.425950702010
24.904000000000	-44.666654221186
24.912000000000	-44.908675062869
24.920000000000	-45.152027250265
24.928000000000	-45.396724988825
24.936000000000	-45.642782668967
24.944000000000	-45.890214868836
24.952000000000	-46.139036357109
24.960000000000	-46.389262095847
24.968000000000	-46.640907243376
24.976000000000	-46.893987157228
24.984000000000	-47.148517397118
24.992000000000	-47.404513727959
25.000000000000	-47.661992122940
25.008000000000	-47.920968766627
25.016000000000	-48.181460058131
25.024000000000	-48.443482614307
25.032000000000	-48.707053273007
25.040000000000	-48.972189096381
25.048000000000	-49.238907374220
25.056000000000	-49.507225627355
25.064000000000	-49.777161611096
25.072000000000	-50.048733318728
25.080000000000	-50.321958985049
25.088000000000	-50.596857089965
25.096000000000	-50.873446362128
25.104000000000	-51.151745782627
25.112000000000	-51.431774588735
25.120000000000	-51.713552277695
25.128000000000	-51.997098610567
25.136000000000	-52.282433616124
25.144000000000	-52.569577594797
25.152000000000	-52.858551122670
25.160000000000	-53.149375055538
25.168000000000	-53.442070532999
25.176000000000	-53.736658982610
25.184000000000	-54.033162124095
25.192000000000	-54.331601973597
25.200000000000	-54.632000847988
25.208000000000	-54.934381369225
25.216000000000	-55.238766468764
25.224000000000	-55.545179392017
25.232000000000	-55.853643702866
25.240000000000	-56.164183288223
25.248000000000	-56.476822362638
25.256000000000	-56.791585472961
25.264000000000	-57.108497503050
25.272000000000	-57.427583678523
25.280000000000	-57.748869571561
25.288000000000	-58.072381105755
25.296000000000	-58.398144560997
25.304000000000	-58.726186578413
25.312000000000	-59.056534165344
25.320000000000	-59.389214700360
25.328000000000	-59.724255938319
25.336000000000	-60.061686015460
25.344000000000	-60.401533454531
25.352000000000	-60.743827169959
25.360000000000	-61.088596473037
25.368000000000	-61.435871077154
25.376000000000	-61.785681103044
25.384000000000	-62.138057084063
25.392000000000	-62.493029971484
25.400000000000	-62.850631139814
25.408000000000	-63.210892392121
25.416000000000	-63.573845965380
25.424000000000	-63.939524535815
25.432000000000	-64.307961224260
25.440000000000	-64.679189601507
25.448000000000	-65.053243693651
25.456000000000	-65.430157987434
25.464000000000	-65.809967435558
25.472000000000	-66.192707461996
25.480000000000	-66.578413967260
25.488000000000	-66.967123333649
25.496000000000	-67.358872430449
25.504000000000	-67.753698619094
25.512000000000	-68.151639758267
25.520000000000	-68.552734208946
25.528000000000	-68.957020839381
25.536000000000	-69.364539029985
25.544000000000	-69.775328678149
25.552000000000	-70.189430202953
25.560000000000	-70.606884549772
25.568000000000	-71.027733194767
25.576000000000	-71.452018149246
25.584000000000	-71.879781963882
25.592000000000	-72.311067732782
25.600000000000	-72.745919097385
25.608000000000	-73.184380250188
25.616000000000	-73.626495938267
25.624000000000	-74.072311466594
25.632000000000	-74.521872701133
25.640000000000	-74.975226071681
25.648000000000	-75.432418574458
25.656000000000	-75.893497774419
25.664000000000	-76.358511807258
25.672000000000	-76.827509381108
25.680000000000	-77.300539777886
25.688000000000	-77.777652854288
25.696000000000	-78.258899042389
25.704000000000	-78.744329349848
25.712000000000	-79.233995359657
25.720000000000	-79.727949229448
25.728000000000	-80.226243690301
25.736000000000	-80.728932045035
25.744000000000	-81.236068165953
25.752000000000	-81.747706492007
25.760000000000	-82.263902025349
25.768000000000	-82.784710327240
25.776000000000	-83.310187513272
25.784000000000	-83.840390247879
25.792000000000	-84.375375738085
25.800000000000	-84.915201726462
25.808000000000	-85.459926483245
25.816000000000	-86.009608797574
25.824000000000	-86.564307967810
25.832000000000	-87.124083790880
25.840000000000	-87.688996550608
25.848000000000	-88.259107004979
25.856000000000	-88.834476372292
25.864000000000	-89.415166316142
25.872000000000	-90.001238929181
25.880000000000	-90.592756715603
25.888000000000	-91.189782572301
25.896000000000	-91.792379768629
25.904000000000	-92.400611924714
25.912000000000	-93.014542988259
25.920000000000	-93.634237209767
25.928000000000	-94.259759116134
25.936000000000	-94.891173482532
25.944000000000	-95.528545302526
25.952000000000	-96.171939756349
25.960000000000	-96.821422177275
25.968000000000	-97.477058016012
25.976000000000	-98.138912803052
25.984000000000	-98.807052108897
25.992000000000	-99.481541502099
26.000000000000	-100.16244650504
26.008000000000	-100.84983254736
26.016000000000	-101.54376491702
26.024000000000	-102.24430870883
26.032000000000	-102.95152877049
26.040000000000	-103.66548964592
26.048000000000	-104.38625551603
26.056000000000	-105.11389013661
26.064000000000	-105.84845677347
26.072000000000	-106.59001813467
26.080000000000	-107.33863629980
26.088000000000	-108.09437264626
26.096000000000	-108.85728777252
26.104000000000	-109.62744141816
26.112000000000	-110.40489238092
26.120000000000	-111.18969843040
26.128000000000	-111.98191621865
26.136000000000	-112.78160118743
26.144000000000	-113.58880747226
26.152000000000	-114.40358780312
26.160000000000	-115.22599340193
26.168000000000	-116.05607387666
26.176000000000	-116.89387711227
26.184000000000	-117.73944915836
26.192000000000	-118.59283411362
26.200000000000	-119.45407400713
26.208000000000	-120.32320867661
26.216000000000	-121.20027564363
26.224000000000	-122.08530998597
26.232000000000	-122.97834420708
26.240000000000	-123.87940810304
26.248000000000	-124.78852862681
26.256000000000	-125.70572975032
26.264000000000	-126.63103232424
26.272000000000	-127.56445393587
26.280000000000	-128.50600876530
26.288000000000	-129.45570744007
26.296000000000	-130.41355688861
26.304000000000	-131.37956019279
26.312000000000	-132.35371643985
26.320000000000	-133.33602057414
26.328000000000	-134.32646324884
26.336000000000	-135.32503067838
26.344000000000	-136.33170449157
26.352000000000	-137.34646158627
26.360000000000	-138.36927398574
26.368000000000	-139.40010869740
26.376000000000	-140.43892757434
26.384000000000	-141.48568718022
26.392000000000	-142.54033865798
26.400000000000	-143.60282760314
26.408000000000	-144.67309394198
26.416000000000	-145.75107181551
26.424000000000	-146.83668946960
26.432000000000	-147.92986915198
26.440000000000	-149.03052701684
26.448000000000	-150.13857303739
26.456000000000	-151.25391092740
26.464000000000	-152.37643807194
26.472000000000	-153.50604546831
26.480000000000	-154.64261767752
26.488000000000	-155.78603278703
26.496000000000	-156.93616238539
26.504000000000	-158.09287154916
26.512000000000	-159.25601884288
26.520000000000	-160.42545633239
26.528000000000	-161.60102961211
26.536000000000	-162.78257784658
26.544000000000	-163.96993382677
26.552000000000	-165.16292404145
26.560000000000	-166.36136876374
26.568000000000	-167.56508215337
26.576000000000	-168.77387237450
26.584000000000	-169.98754172940
26.592000000000	-171.20588680782
26.600000000000	-172.42869865225
26.608000000000	-173.65576293864
26.616000000000	-174.88686017269
26.624000000000	-176.12176590112
26.632000000000	-177.36025093780
26.640000000000	-178.60208160424
26.648000000000	-179.84701998378
26.656000000000	178.90517581091
26.664000000000	177.65475135776
26.672000000000	176.40195563354
26.680000000000	175.14704071096
26.688000000000	173.89026144575
26.696000000000	172.63187515454
26.704000000000	171.37214128452
26.712000000000	170.11132107604
26.720000000000	168.84967721906
26.728000000000	167.58747350481
26.736000000000	166.32497447359
26.744000000000	165.06244506006
26.752000000000	163.80015023716
26.760000000000	162.53835465985
26.768000000000	161.27732230995
26.776000000000	160.01731614320
26.784000000000	158.75859773979
26.792000000000	157.50142695951
26.800000000000	156.24606160270
26.808000000000	154.99275707798
26.816000000000	153.74176607799
26.824000000000	152.49333826404
26.832000000000	151.24771996063
26.840000000000	150.00515386079
26.848000000000	148.76587874302
26.856000000000	147.53012920064
26.864000000000	146.29813538418
26.872000000000	145.07012275749
26.880000000000	143.84631186805
26.888000000000	142.62691813199
26.896000000000	141.41215163420
26.904000000000	140.20221694375
26.912000000000	138.99731294497
26.920000000000	137.79763268426
26.928000000000	136.60336323268
26.936000000000	135.41468556444
26.944000000000	134.23177445101
26.952000000000	133.05479837101
26.960000000000	131.88391943531
26.968000000000	130.71929332743
26.976000000000	129.56106925867
26.984000000000	128.40938993777
26.992000000000	127.26439155450
27.000000000000	126.12620377697
27.008000000000	124.99494976189
27.016000000000	123.87074617747
27.024000000000	122.75370323829
27.032000000000	121.64392475158
27.040000000000	120.54150817428
27.048000000000	119.44654468040
27.056000000000	118.35911923781
27.064000000000	117.27931069407
27.072000000000	116.20719187053
27.080000000000	115.14282966405
27.088000000000	114.08628515583
27.096000000000	113.03761372656
27.104000000000	111.99686517740
27.112000000000	110.96408385616
27.120000000000	109.93930878805
27.128000000000	108.92257381039
27.136000000000	107.91390771094
27.144000000000	106.91333436899
27.152000000000	105.92087289897
27.160000000000	104.93653779593
27.168000000000	103.96033908252
27.176000000000	102.99228245696
27.184000000000	102.03236944153
27.192000000000	101.08059753136
27.200000000000	100.13696034298
27.208000000000	99.201447762278
27.216000000000	98.274046091712
27.224000000000	97.354738196270
27.232000000000	96.443503648033
27.240000000000	95.540318869028
27.248000000000	94.645157272161
27.256000000000	93.757989400005
27.264000000000	92.878783061259
27.272000000000	92.007503464716
27.280000000000	91.144113350561
27.288000000000	90.288573118903
27.296000000000	89.440840955396
27.304000000000	88.600872953859
27.312000000000	87.768623235824
27.320000000000	86.944044066922
27.328000000000	86.127085970065
27.336000000000	85.317697835388
27.344000000000	84.515827026905
27.352000000000	83.721419485873
27.360000000000	82.934419830852
27.368000000000	82.154771454471
27.376000000000	81.382416616887
27.384000000000	80.617296535992
27.392000000000	79.859351474362
27.400000000000	79.108520822997
27.408000000000	78.364743181890
27.416000000000	77.627956437463
27.424000000000	76.898097836929
27.432000000000	76.175104059625
27.440000000000	75.458911285375
27.448000000000	74.749455259952
27.456000000000	74.046671357689
27.464000000000	73.350494641319
27.472000000000	72.660859919093
27.480000000000	71.977701799273
27.488000000000	71.300954742039
27.496000000000	70.630553108910
27.504000000000	69.966431209731
27.512000000000	69.308523347309
27.520000000000	68.656763859764
27.528000000000	68.011087160683
27.536000000000	67.371427777118
27.544000000000	66.737720385542
27.552000000000	66.109899845795
27.560000000000	65.487901233110
27.568000000000	64.871659868296
27.576000000000	64.261111346120
27.584000000000	63.656191561982
27.592000000000	63.056836736934
27.600000000000	62.462983441108
27.608000000000	61.874568615627
27.616000000000	61.291529593045
27.624000000000	60.713804116389
27.632000000000	60.141330356855
27.640000000000	59.574046930218
27.648000000000	59.011892912013
27.656000000000	58.454807851532
27.664000000000	57.902731784702
27.672000000000	57.355605245888
27.680000000000	56.813369278666
27.688000000000	56.275965445628
27.696000000000	55.743335837247
27.704000000000	55.215423079854
27.712000000000	54.692170342784
27.720000000000	54.173521344704
27.728000000000	53.659420359185
27.736000000000	53.149812219552
27.744000000000	52.644642323046
27.752000000000	52.143856634328
27.760000000000	51.647401688376
27.768000000000	51.155224592787
27.776000000000	50.667273029540
27.784000000000	50.183495256221
27.792000000000	49.703840106765
27.800000000000	49.228256991731
27.808000000000	48.756695898137
27.816000000000	48.289107388881
27.824000000000	47.825442601779
27.832000000000	47.365653248228
27.840000000000	46.909691611537
27.848000000000	46.457510544933
27.856000000000	46.009063469260
27.864000000000	45.564304370409
27.872000000000	45.123187796476
27.880000000000	44.685668854678
27.888000000000	44.251703208042
27.896000000000	43.821247071882
27.904000000000	43.394257210081
27.912000000000	42.970690931188
27.920000000000	42.550506084353
27.928000000000	42.133661055098
27.936000000000	41.720114760962
27.944000000000	41.309826646998
27.952000000000	40.902756681166
27.960000000000	40.498865349610
27.968000000000	40.098113651843
27.976000000000	39.700463095837
27.984000000000	39.305875693046
27.992000000000	38.914313953347
28.000000000000	38.525740879928
28.008000000000	38.140119964118
28.016000000000	37.757415180171
28.024000000000	37.377590980015
28.032000000000	37.000612287959
28.040000000000	36.626444495385
28.048000000000	36.255053455409
28.056000000000	35.886405477531
28.064000000000	35.520467322277
28.072000000000	35.157206195831
28.080000000000	34.796589744671
28.088000000000	34.438586050202
28.096000000000	34.083163623408
28.104000000000	33.730291399500
28.112000000000	33.379938732593
28.120000000000	33.032075390395
28.128000000000	32.686671548915
28.136000000000	32.343697787199
28.144000000000	32.003125082093
28.152000000000	31.664924803033
28.160000000000	31.329068706870
28.168000000000	30.995528932722
28.176000000000	30.664277996871
28.184000000000	30.335288787690
28.192000000000	30.008534560616
28.200000000000	29.683988933155
28.208000000000	29.361625879937
28.216000000000	29.041419727813
28.224000000000	28.723345150993
28.232000000000	28.407377166234
28.240000000000	28.093491128072
28.248000000000	27.781662724104
28.256000000000	27.471867970316
28.264000000000	27.164083206459
28.272000000000	26.858285091479
28.280000000000	26.554450598995
28.288000000000	26.252557012825
28.296000000000	25.952581922566
28.304000000000	25.654503219225
28.312000000000	25.358299090900
28.320000000000	25.063948018513
28.328000000000	24.771428771596
28.336000000000	24.480720404130
28.344000000000	24.191802250429
28.352000000000	23.904653921085
28.360000000000	23.619255298960
28.368000000000	23.335586535229
28.376000000000	23.053628045477
28.384000000000	22.773360505848
28.392000000000	22.494764849239
28.400000000000	22.217822261555
28.408000000000	21.942514178006
28.416000000000	21.668822279458
28.424000000000	21.396728488838
28.432000000000	21.126214967576
28.440000000000	20.857264112117
28.448000000000	20.589858550460
28.456000000000	20.323981138761
28.464000000000	20.059614957979
28.472000000000	19.796743310570
28.480000000000	19.535349717229
28.488000000000	19.275417913675
28.496000000000	19.016931847494
28.504000000000	18.759875675012
28.512000000000	18.504233758228
28.520000000000	18.249990661782
28.528000000000	17.997131149975
28.536000000000	17.745640183828
28.544000000000	17.495502918187
28.552000000000	17.246704698873
28.560000000000	16.999231059866
28.568000000000	16.753067720545
28.576000000000	16.508200582959
28.584000000000	16.264615729142
28.592000000000	16.022299418469
28.600000000000	15.781238085052
28.608000000000	15.541418335177
28.616000000000	15.302826944777
28.624000000000	15.065450856945
28.632000000000	14.829277179487
28.640000000000	14.594293182511
28.648000000000	14.360486296048
28.656000000000	14.127844107721
28.664000000000	13.896354360439
28.672000000000	13.666004950130
28.680000000000	13.436783923513
28.688000000000	13.208679475901
28.696000000000	12.981679949033
28.704000000000	12.755773828953
28.712000000000	12.530949743905
28.720000000000	12.307196462276
28.728000000000	12.084502890561
28.736000000000	11.862858071364
28.744000000000	11.642251181429
28.752000000000	11.422671529700
28.760000000000	11.204108555415
28.768000000000	10.986551826229
28.776000000000	10.769991036358
28.784000000000	10.554416004767
28.792000000000	10.339816673373
28.800000000000	10.126183105283
28.808000000000	9.9135054830570
28.816000000000	9.7017741069988
28.824000000000	9.4909793934728
28.832000000000	9.2811118732489
28.840000000000	9.0721621898706
28.848000000000	8.8641210980508
28.856000000000	8.6569794620916
28.864000000000	8.4507282543285
28.872000000000	8.2453585536004
28.880000000000	8.0408615437409
28.888000000000	7.8372285120957
28.896000000000	7.6344508480618
28.904000000000	7.4325200416493
28.912000000000	7.2314276820664
28.920000000000	7.0311654563256
28.928000000000	6.8317251478726
28.936000000000	6.6330986352354
28.944000000000	6.4352778906952
28.952000000000	6.2382549789777
28.960000000000	6.0420220559648
28.968000000000	5.8465713674258
28.976000000000	5.6518952477693
28.984000000000	5.4579861188135
28.992000000000	5.2648364885760
29.000000000000	5.0724389500823
29.008000000000	4.8807861801927
29.016000000000	4.6898709384469
29.024000000000	4.4996860659275
29.032000000000	4.3102244841402
29.040000000000	4.1214791939110
29.048000000000	3.9334432743014
29.056000000000	3.7461098815395
29.064000000000	3.5594722479681
29.072000000000	3.3735236810082
29.080000000000	3.1882575621390
29.088000000000	3.0036673458940
29.096000000000	2.8197465588709
29.104000000000	2.6364887987583
29.112000000000	2.4538877333768
29.120000000000	2.2719370997340
29.128000000000	2.0906307030950
29.136000000000	1.9099624160664
29.144000000000	1.7299261776945
29.152000000000	1.5505159925769
29.160000000000	1.3717259299884
29.168000000000	1.1935501230190
29.176000000000	1.0159827677259
29.184000000000	0.83901812229821
29.192000000000	0.66265050623390
29.200000000000	0.48687429952942
29.208000000000	0.31168394188159
29.216000000000	0.13707393190157
29.224000000000	-0.036961173659656
29.232000000000	-0.21042676067352
29.240000000000	-0.38332815838543
29.248000000000	-0.55567064015458
29.256000000000	-0.72745942418241
29.264000000000	-0.89869967423114
29.272000000000	-1.0693965003304
29.280000000000	-1.2395549594741
29.288000000000	-1.4091800563067
29.296000000000	-1.5782767437988
29.304000000000	-1.7468499239135
29.312000000000	-1.9149044482626
29.320000000000	-2.0824451187522
29.328000000000	-2.2494766882203
29.336000000000	-2.4160038610632
29.344000000000	-2.5820312938544
29.352000000000	-2.7475635959531
29.360000000000	-2.9126053301038
29.368000000000	-3.0771610130281
29.376000000000	-3.2412351160067
29.384000000000	-3.4048320654533
29.392000000000	-3.5679562434798
29.400000000000	-3.7306119884541
29.408000000000	-3.8928035955483
29.416000000000	-4.0545353172804
29.424000000000	-4.2158113640468
29.432000000000	-4.3766359046479
29.440000000000	-4.5370130668060
29.448000000000	-4.6969469376746
29.456000000000	-4.8564415643425
29.464000000000	-5.0155009543278
29.472000000000	-5.1741290760673
29.480000000000	-5.3323298593970
29.488000000000	-5.4901071960268
29.496000000000	-5.6474649400077
29.504000000000	-5.8044069081928
29.512000000000	-5.9609368806908
29.520000000000	-6.1170586013141
29.528000000000	-6.2727757780201
29.536000000000	-6.4280920833450
29.544000000000	-6.5830111548339
29.552000000000	-6.7375365954614
29.560000000000	-6.8916719740503
29.568000000000	-7.0454208256800
29.576000000000	-7.1987866520922
29.584000000000	-7.3517729220902
29.592000000000	-7.5043830719311
29.600000000000	-7.6566205057143
29.608000000000	-7.8084885957635
29.616000000000	-7.9599906830030
29.624000000000	-8.1111300773300
29.632000000000	-8.2619100579802
29.640000000000	-8.4123338738892
29.648000000000	-8.5624047440483
29.656000000000	-8.7121258578553
29.664000000000	-8.8615003754613
29.672000000000	-9.0105314281113
29.680000000000	-9.1592221184804
29.688000000000	-9.3075755210064
29.696000000000	-9.4555946822162
29.704000000000	-9.6032826210485
29.712000000000	-9.7506423291720
29.720000000000	-9.8976767712991
29.728000000000	-10.044388885495
29.736000000000	-10.190781583482
29.744000000000	-10.336857750942
29.752000000000	-10.482620247812
29.760000000000	-10.628071908575
29.768000000000	-10.773215542552
29.776000000000	-10.918053934184
29.784000000000	-11.062589843314
29.792000000000	-11.206826005459
29.800000000000	-11.350765132093
29.808000000000	-11.494409910903
29.816000000000	-11.637763006067
29.824000000000	-11.780827058507
29.832000000000	-11.923604686151
29.840000000000	-12.066098484188
29.848000000000	-12.208311025316
29.856000000000	-12.350244859994
29.864000000000	-12.491902516685
29.872000000000	-12.633286502096
29.880000000000	-12.774399301414
29.888000000000	-12.915243378547
29.896000000000	-13.055821176349
29.904000000000	-13.196135116851
29.912000000000	-13.336187601487
29.920000000000	-13.475981011314
29.928000000000	-13.615517707233
29.936000000000	-13.754800030203
29.944000000000	-13.893830301456
29.952000000000	-14.032610822710
29.960000000000	-14.171143876369
29.968000000000	-14.309431725735
29.976000000000	-14.447476615208
29.984000000000	-14.585280770482
29.992000000000	-14.722846398748
30.000000000000	-14.860175688881
