
22.000000000000	28.999517702444
22.008000000000	28.915462510691
22.016000000000	28.831429294009
22.024000000000	28.747416163218
22.032000000000	28.663421261941
22.040000000000	28.579442765619
22.048000000000	28.495478880563
22.056000000000	28.411527843030
22.064000000000	28.327587918329
22.072000000000	28.243657399963
22.080000000000	28.159734608790
22.088000000000	28.075817892214
22.096000000000	27.991905623403
22.104000000000	27.907996200525
22.112000000000	27.824088046014
22.120000000000	27.740179605858
22.128000000000	27.656269348903
22.136000000000	27.572355766185
22.144000000000	27.488437370278
22.152000000000	27.404512694665
22.160000000000	27.320580293118
22.168000000000	27.236638739114
22.176000000000	27.152686625247
22.184000000000	27.068722562677
22.192000000000	26.984745180578
22.200000000000	26.900753125615
22.208000000000	26.816745061428
22.216000000000	26.732719668130
22.224000000000	26.648675641830
22.232000000000	26.564611694152
22.240000000000	26.480526551782
22.248000000000	26.396418956024
22.256000000000	26.312287662360
22.264000000000	26.228131440033
22.272000000000	26.143949071635
22.280000000000	26.059739352706
22.288000000000	25.975501091347
22.296000000000	25.891233107840
22.304000000000	25.806934234281
22.312000000000	25.722603314217
22.320000000000	25.638239202300
22.328000000000	25.553840763940
22.336000000000	25.469406874981
22.344000000000	25.384936421368
22.352000000000	25.300428298837
22.360000000000	25.215881412602
22.368000000000	25.131294677058
22.376000000000	25.046667015486
22.384000000000	24.961997359765
22.392000000000	24.877284650094
22.400000000000	24.792527834720
22.408000000000	24.707725869667
22.416000000000	24.622877718480
22.424000000000	24.537982351969
22.432000000000	24.453038747959
22.440000000000	24.368045891049
22.448000000000	24.283002772371
22.456000000000	24.197908389362
22.464000000000	24.112761745532
22.472000000000	24.027561850244
22.480000000000	23.942307718498
22.488000000000	23.856998370712
22.496000000000	23.771632832520
22.504000000000	23.686210134563
22.512000000000	23.600729312292
22.520000000000	23.515189405768
22.528000000000	23.429589459475
22.536000000000	23.343928522125
22.544000000000	23.258205646480
22.552000000000	23.172419889165
22.560000000000	23.086570310494
22.568000000000	23.000655974296
22.576000000000	22.914675947738
22.584000000000	22.828629301165
22.592000000000	22.742515107928
22.600000000000	22.656332444225
22.608000000000	22.570080388944
22.616000000000	22.483758023500
22.624000000000	22.397364431686
22.632000000000	22.310898699522
22.640000000000	22.224359915102
22.648000000000	22.137747168451
22.656000000000	22.051059551379
22.664000000000	21.964296157340
22.672000000000	21.877456081293
22.680000000000	21.790538419561
22.688000000000	21.703542269698
22.696000000000	21.616466730356
22.704000000000	21.529310901151
22.712000000000	21.442073882533
22.720000000000	21.354754775660
22.728000000000	21.267352682271
22.736000000000	21.179866704557
22.744000000000	21.092295945043
22.752000000000	21.004639506465
22.760000000000	20.916896491648
22.768000000000	20.829066003386
22.776000000000	20.741147144330
22.784000000000	20.653139016865
22.792000000000	20.565040723000
22.800000000000	20.476851364252
22.808000000000	20.388570041536
22.816000000000	20.300195855048
22.824000000000	20.211727904162
22.832000000000	20.123165287315
22.840000000000	20.034507101902
22.848000000000	19.945752444165
22.856000000000	19.856900409092
22.864000000000	19.767950090308
22.872000000000	19.678900579969
22.880000000000	19.589750968661
22.888000000000	19.500500345296
22.896000000000	19.411147797009
22.904000000000	19.321692409056
22.912000000000	19.232133264715
22.920000000000	19.142469445183
22.928000000000	19.052700029475
22.936000000000	18.962824094330
22.944000000000	18.872840714107
22.952000000000	18.782748960689
22.960000000000	18.692547903385
22.968000000000	18.602236608831
22.976000000000	18.511814140895
22.984000000000	18.421279560579
22.992000000000	18.330631925923
23.000000000000	18.239870291908
23.008000000000	18.148993710362
23.016000000000	18.058001229863
23.024000000000	17.966891895645
23.032000000000	17.875664749500
23.040000000000	17.784318829687
23.048000000000	17.692853170835
23.056000000000	17.601266803846
23.064000000000	17.509558755805
23.072000000000	17.417728049883
23.080000000000	17.325773705243
23.088000000000	17.233694736942
23.096000000000	17.141490155843
23.104000000000	17.049158968517
23.112000000000	16.956700177145
23.120000000000	16.864112779431
23.128000000000	16.771395768498
23.136000000000	16.678548132803
23.144000000000	16.585568856032
23.152000000000	16.492456917013
23.160000000000	16.399211289615
23.168000000000	16.305830942655
23.176000000000	16.212314839801
23.184000000000	16.118661939476
23.192000000000	16.024871194761
23.200000000000	15.930941553301
23.208000000000	15.836871957203
23.216000000000	15.742661342943
23.224000000000	15.648308641264
23.232000000000	15.553812777083
23.240000000000	15.459172669387
23.248000000000	15.364387231137
23.256000000000	15.269455369167
23.264000000000	15.174375984084
23.272000000000	15.079147970168
23.280000000000	14.983770215273
23.288000000000	14.888241600720
23.296000000000	14.792561001200
23.304000000000	14.696727284666
23.312000000000	14.600739312235
23.320000000000	14.504595938081
23.328000000000	14.408296009330
23.336000000000	14.311838365957
23.344000000000	14.215221840675
23.352000000000	14.118445258834
23.360000000000	14.021507438309
23.368000000000	13.924407189395
23.376000000000	13.827143314694
23.384000000000	13.729714609009
23.392000000000	13.632119859231
23.400000000000	13.534357844228
23.408000000000	13.436427334732
23.416000000000	13.338327093224
23.424000000000	13.240055873826
23.432000000000	13.141612422177
23.440000000000	13.042995475323
23.448000000000	12.944203761598
23.456000000000	12.845236000503
23.464000000000	12.746090902593
23.472000000000	12.646767169350
23.480000000000	12.547263493065
23.488000000000	12.447578556716
23.496000000000	12.347711033840
23.504000000000	12.247659588416
23.512000000000	12.147422874729
23.520000000000	12.046999537253
23.528000000000	11.946388210513
23.536000000000	11.845587518963
23.544000000000	11.744596076849
23.552000000000	11.643412488083
23.560000000000	11.542035346102
23.568000000000	11.440463233738
23.576000000000	11.338694723080
23.584000000000	11.236728375338
23.592000000000	11.134562740699
23.600000000000	11.032196358193
23.608000000000	10.929627755542
23.616000000000	10.826855449026
23.624000000000	10.723877943329
23.632000000000	10.620693731399
23.640000000000	10.517301294293
23.648000000000	10.413699101033
23.656000000000	10.309885608447
23.664000000000	10.205859261025
23.672000000000	10.101618490752
23.680000000000	9.9971617169601
23.688000000000	9.8924873461663
23.696000000000	9.7875937719106
23.704000000000	9.6824793745948
23.712000000000	9.5771425213173
23.720000000000	9.4715815657066
23.728000000000	9.3657948477533
23.736000000000	9.2597806936389
23.744000000000	9.1535374155636
23.752000000000	9.0470633115714
23.760000000000	8.9403566653738
23.768000000000	8.8334157461705
23.776000000000	8.7262388084683
23.784000000000	8.6188240918976
23.792000000000	8.5111698210273
23.800000000000	8.4032742051764
23.808000000000	8.2951354382239
23.816000000000	8.1867516984158
23.824000000000	8.0781211481705
23.832000000000	7.9692419338808
23.840000000000	7.8601121857140
23.848000000000	7.7507300174089
23.856000000000	7.6410935260710
23.864000000000	7.5312007919641
23.872000000000	7.4210498782998
23.880000000000	7.3106388310244
23.888000000000	7.1999656786021
23.896000000000	7.0890284317966
23.904000000000	6.9778250834489
23.912000000000	6.8663536082523
23.920000000000	6.7546119625247
23.928000000000	6.6425980839779
23.936000000000	6.5303098914834
23.944000000000	6.4177452848351
23.952000000000	6.3049021445095
23.960000000000	6.1917783314215
23.968000000000	6.0783716866778
23.976000000000	5.9646800313267
23.984000000000	5.8507011661043
23.992000000000	5.7364328711772
24.000000000000	5.6218729058818
24.008000000000	5.5070190084602
24.016000000000	5.3918688957920
24.024000000000	5.2764202631221
24.032000000000	5.1606707837862
24.040000000000	5.0446181089301
24.048000000000	4.9282598672275
24.056000000000	4.8115936645920
24.064000000000	4.6946170838856
24.072000000000	4.5773276846235
24.080000000000	4.4597230026743
24.088000000000	4.3418005499555
24.096000000000	4.2235578141257
24.104000000000	4.1049922582710
24.112000000000	3.9861013205883
24.120000000000	3.8668824140633
24.128000000000	3.7473329261430
24.136000000000	3.6274502184053
24.144000000000	3.5072316262224
24.152000000000	3.3866744584195
24.160000000000	3.2657759969287
24.168000000000	3.1445334964379
24.176000000000	3.0229441840340
24.184000000000	2.9010052588416
24.192000000000	2.7787138916555
24.200000000000	2.6560672245682
24.208000000000	2.5330623705921
24.216000000000	2.4096964132749
24.224000000000	2.2859664063111
24.232000000000	2.1618693731455
24.240000000000	2.0374023065724
24.248000000000	1.9125621683282
24.256000000000	1.7873458886770
24.264000000000	1.6617503659915
24.272000000000	1.5357724663260
24.280000000000	1.4094090229835
24.288000000000	1.2826568360765
24.296000000000	1.1555126720805
24.304000000000	1.0279732633804
24.312000000000	0.90003530781088
24.320000000000	0.77169546818870
24.328000000000	0.64295037183793
24.336000000000	0.51379661010834
24.344000000000	0.38423073788529
24.352000000000	0.25424927309289
24.360000000000	0.12384869618879
24.368000000000	-0.0069745503489139
24.376000000000	-0.13822406254252
24.384000000000	-0.26990347544446
24.392000000000	-0.40201646367494
24.400000000000	-0.53456674196796
24.408000000000	-0.66755806572692
24.416000000000	-0.80099423158812
24.424000000000	-0.93487907799385
24.432000000000	-1.0692164857746
24.440000000000	-1.2040103787406
24.448000000000	-1.3392647242827
24.456000000000	-1.4749835339840
24.464000000000	-1.6111708642393
24.472000000000	-1.7478308168872
24.480000000000	-1.8849675398506
24.488000000000	-2.0225852277886
24.496000000000	-2.1606881227587
24.504000000000	-2.2992805148899
24.512000000000	-2.4383667430671
24.520000000000	-2.5779511956270
24.528000000000	-2.7180383110647
24.536000000000	-2.8586325787530
24.544000000000	-2.9997385396727
24.552000000000	-3.1413607871563
24.560000000000	-3.2835039676426
24.568000000000	-3.4261727814454
24.576000000000	-3.5693719835342
24.584000000000	-3.7131063843283
24.592000000000	-3.8573808505046
24.600000000000	-4.0022003058183
24.608000000000	-4.1475697319383
24.616000000000	-4.2934941692966
24.624000000000	-4.4399787179520
24.632000000000	-4.5870285384683
24.640000000000	-4.7346488528081
24.648000000000	-4.8828449452421
24.656000000000	-5.0316221632729
24.664000000000	-5.1809859185758
24.672000000000	-5.3309416879556
24.680000000000	-5.4814950143198
24.688000000000	-5.6326515076687
24.696000000000	-5.7844168461028
24.704000000000	-5.9367967768483
24.712000000000	-6.0897971172988
24.720000000000	-6.2434237560781
24.728000000000	-6.3976826541184
24.736000000000	-6.5525798457605
24.744000000000	-6.7081214398710
24.752000000000	-6.8643136209809
24.760000000000	-7.0211626504433
24.768000000000	-7.1786748676127
24.776000000000	-7.3368566910443
24.784000000000	-7.4957146197151
24.792000000000	-7.6552552342672
24.800000000000	-7.8154851982728
24.808000000000	-7.9764112595225
24.816000000000	-8.1380402513362
24.824000000000	-8.3003790938979
24.832000000000	-8.4634347956151
24.840000000000	-8.6272144545023
24.848000000000	-8.7917252595897
24.856000000000	-8.9569744923576
24.864000000000	-9.1229695281971
24.872000000000	-9.2897178378977
24.880000000000	-9.4572269891618
24.888000000000	-9.6255046481468
24.896000000000	-9.7945585810365
24.904000000000	-9.9643966556404
24.912000000000	-10.135026843024
24.920000000000	-10.306457219166
24.928000000000	-10.478695966653
24.936000000000	-10.651751376399
24.944000000000	-10.825631849396
24.952000000000	-11.000345898508
24.960000000000	-11.175902150286
24.968000000000	-11.352309346823
24.976000000000	-11.529576347646
24.984000000000	-11.707712131639
24.992000000000	-11.886725799003
25.000000000000	-12.066626573257
25.008000000000	-12.247423803274
25.016000000000	-12.429126965353
25.024000000000	-12.611745665338
25.032000000000	-12.795289640771
25.040000000000	-12.979768763085
25.048000000000	-13.165193039847
25.056000000000	-13.351572617036
25.064000000000	-13.538917781371
25.072000000000	-13.727238962676
25.080000000000	-13.916546736299
25.088000000000	-14.106851825574
25.096000000000	-14.298165104331
25.104000000000	-14.490497599453
25.112000000000	-14.683860493486
25.120000000000	-14.878265127296
25.128000000000	-15.073723002785
25.136000000000	-15.270245785650
25.144000000000	-15.467845308204
25.152000000000	-15.666533572250
25.160000000000	-15.866322752009
25.168000000000	-16.067225197109
25.176000000000	-16.269253435634
25.184000000000	-16.472420177226
25.192000000000	-16.676738316259
25.200000000000	-16.882220935065
25.208000000000	-17.088881307235
25.216000000000	-17.296732900974
25.224000000000	-17.505789382535
25.232000000000	-17.716064619708
25.240000000000	-17.927572685394
25.248000000000	-18.140327861235
25.256000000000	-18.354344641332
25.264000000000	-18.569637736020
25.272000000000	-18.786222075739
25.280000000000	-19.004112814963
25.288000000000	-19.223325336225
25.296000000000	-19.443875254209
25.304000000000	-19.665778419938
25.312000000000	-19.889050925034
25.320000000000	-20.113709106072
25.328000000000	-20.339769549021
25.336000000000	-20.567249093773
25.344000000000	-20.796164838766
25.352000000000	-21.026534145698
25.360000000000	-21.258374644341
25.368000000000	-21.491704237447
25.376000000000	-21.726541105761
25.384000000000	-21.962903713132
25.392000000000	-22.200810811726
25.400000000000	-22.440281447348
25.408000000000	-22.681334964877
25.416000000000	-22.923991013802
25.424000000000	-23.168269553878
25.432000000000	-23.414190860897
25.440000000000	-23.661775532576
25.448000000000	-23.911044494560
25.456000000000	-24.162019006561
25.464000000000	-24.414720668604
25.472000000000	-24.669171427419
25.480000000000	-24.925393582952
25.488000000000	-25.183409795008
25.496000000000	-25.443243090039
25.504000000000	-25.704916868062
25.512000000000	-25.968454909721
25.520000000000	-26.233881383493
25.528000000000	-26.501220853038
25.536000000000	-26.770498284705
25.544000000000	-27.041739055180
25.552000000000	-27.314968959301
25.560000000000	-27.590214218018
25.568000000000	-27.867501486529
25.576000000000	-28.146857862566
25.584000000000	-28.428310894856
25.592000000000	-28.711888591751
25.600000000000	-28.997619430029
25.608000000000	-29.285532363873
25.616000000000	-29.575656834028
25.624000000000	-29.868022777141
25.632000000000	-30.162660635284
25.640000000000	-30.459601365672
25.648000000000	-30.758876450563
25.656000000000	-31.060517907358
25.664000000000	-31.364558298899
25.672000000000	-31.671030743964
25.680000000000	-31.979968927970
25.688000000000	-32.291407113877
25.696000000000	-32.605380153305
25.704000000000	-32.921923497862
25.712000000000	-33.241073210685
25.720000000000	-33.562865978203
25.728000000000	-33.887339122115
25.736000000000	-34.214530611592
25.744000000000	-34.544479075704
25.752000000000	-34.877223816080
25.760000000000	-35.212804819783
25.768000000000	-35.551262772431
25.776000000000	-35.892639071545
25.784000000000	-36.236975840127
25.792000000000	-36.584315940483
25.800000000000	-36.934702988277
25.808000000000	-37.288181366825
25.816000000000	-37.644796241624
25.824000000000	-38.004593575129
25.832000000000	-38.367620141758
25.840000000000	-38.733923543144
25.848000000000	-39.103552223621
25.856000000000	-39.476555485945
25.864000000000	-39.852983507258
25.872000000000	-40.232887355272
25.880000000000	-40.616319004698
25.888000000000	-41.003331353890
25.896000000000	-41.393978241722
25.904000000000	-41.788314464673
25.912000000000	-42.186395794139
25.920000000000	-42.588278993939
25.928000000000	-42.994021838033
25.936000000000	-43.403683128426
25.944000000000	-43.817322713259
25.952000000000	-44.235001505075
25.960000000000	-44.656781499250
25.968000000000	-45.082725792572
25.976000000000	-45.512898601964
25.984000000000	-45.947365283327
25.992000000000	-46.386192350495
26.000000000000	-46.829447494278
26.008000000000	-47.277199601576
26.016000000000	-47.729518774549
26.024000000000	-48.186476349807
26.032000000000	-48.648144917611
26.040000000000	-49.114598341044
26.048000000000	-49.585911775132
26.056000000000	-50.062161685885
26.064000000000	-50.543425869206
26.072000000000	-51.029783469667
26.080000000000	-51.521314999063
26.088000000000	-52.018102354755
26.096000000000	-52.520228837713
26.104000000000	-53.027779170228
26.112000000000	-53.540839513247
26.120000000000	-54.059497483258
26.128000000000	-54.583842168676
26.136000000000	-55.113964145656
26.144000000000	-55.649955493275
26.152000000000	-56.191909807994
26.160000000000	-56.739922217340
26.168000000000	-57.294089392694
26.176000000000	-57.854509561134
26.184000000000	-58.421282516194
26.192000000000	-58.994509627472
26.200000000000	-59.574293848961
26.208000000000	-60.160739725982
26.216000000000	-60.753953400616
26.224000000000	-61.354042615488
26.232000000000	-61.961116715763
26.240000000000	-62.575286649226
26.248000000000	-63.196664964274
26.256000000000	-63.825365805661
26.264000000000	-64.461504907826
26.272000000000	-65.105199585617
26.280000000000	-65.756568722227
26.288000000000	-66.415732754129
26.296000000000	-67.082813652799
26.304000000000	-67.757934903013
26.312000000000	-68.441221477464
26.320000000000	-69.132799807471
26.328000000000	-69.832797749512
26.336000000000	-70.541344547302
26.344000000000	-71.258570789152
26.352000000000	-71.984608360299
26.360000000000	-72.719590389902
26.368000000000	-73.463651192384
26.376000000000	-74.216926202791
26.384000000000	-74.979551905816
26.392000000000	-75.751665758137
26.400000000000	-76.533406103684
26.408000000000	-77.324912081483
26.416000000000	-78.126323525655
26.424000000000	-78.937780857176
26.432000000000	-79.759424967000
26.440000000000	-80.591397090106
26.448000000000	-81.433838670042
26.456000000000	-82.286891213550
26.464000000000	-83.150696134804
26.472000000000	-84.025394588845
26.480000000000	-84.911127293754
26.488000000000	-85.808034341131
26.496000000000	-86.716254994436
26.504000000000	-87.635927474769
26.512000000000	-88.567188733670
26.520000000000	-89.510174212531
26.528000000000	-90.465017588230
26.536000000000	-91.431850504644
26.544000000000	-92.410802289677
26.552000000000	-93.401999657523
26.560000000000	-94.405566395890
26.568000000000	-95.421623037968
26.576000000000	-96.450286518979
26.584000000000	-97.491669817189
26.592000000000	-98.545881579351
26.600000000000	-99.613025730604
26.608000000000	-100.69320106895
26.616000000000	-101.78650084447
26.624000000000	-102.89301232372
26.632000000000	-104.01281633945
26.640000000000	-105.14598682655
26.648000000000	-106.29259034450
26.656000000000	-107.45268558743
26.664000000000	-108.62632288251
26.672000000000	-109.81354367795
26.680000000000	-111.01438002170
26.688000000000	-112.22885403242
26.696000000000	-113.45697736428
26.704000000000	-114.69875066736
26.712000000000	-115.95416304574
26.720000000000	-117.22319151530
26.728000000000	-118.50580046382
26.736000000000	-119.80194111574
26.744000000000	-121.11155100457
26.752000000000	-122.43455345573
26.760000000000	-123.77085708304
26.768000000000	-125.12035530225
26.776000000000	-126.48292586494
26.784000000000	-127.85843041656
26.792000000000	-129.24671408225
26.800000000000	-130.64760508432
26.808000000000	-132.06091439541
26.816000000000	-133.48643543107
26.824000000000	-134.92394378597
26.832000000000	-136.37319701753
26.840000000000	-137.83393448094
26.848000000000	-139.30587721918
26.856000000000	-140.78872791185
26.864000000000	-142.28217088601
26.872000000000	-143.78587219226
26.880000000000	-145.29947974888
26.888000000000	-146.82262355639
26.896000000000	-148.35491598482
26.904000000000	-149.89595213495
26.912000000000	-151.44531027501
26.920000000000	-153.00255235311
26.928000000000	-154.56722458549
26.936000000000	-156.13885812003
26.944000000000	-157.71696977378
26.952000000000	-159.30106284247
26.960000000000	-160.89062797973
26.968000000000	-162.48514414264
26.976000000000	-164.08407959985
26.984000000000	-165.68689299795
26.992000000000	-167.29303448091
27.000000000000	-168.90194685714
27.008000000000	-170.51306680812
27.016000000000	-172.12582613202
27.024000000000	-173.73965301547
27.032000000000	-175.35397332642
27.040000000000	-176.96821192041
27.048000000000	-178.58179395295
27.056000000000	179.80585380972
27.064000000000	178.19530168921
27.072000000000	176.58711581018
27.080000000000	174.98185683976
27.088000000000	173.38007875796
27.096000000000	171.78232766613
27.104000000000	170.18914063948
27.112000000000	168.60104462977
27.120000000000	167.01855542333
27.128000000000	165.44217665937
27.136000000000	163.87239891250
27.144000000000	162.30969884336
27.152000000000	160.75453841986
27.160000000000	159.20736421171
27.168000000000	157.66860675948
27.176000000000	156.13868001941
27.184000000000	154.61798088425
27.192000000000	153.10688877981
27.200000000000	151.60576533657
27.208000000000	150.11495413488
27.216000000000	148.63478052204
27.224000000000	147.16555149900
27.232000000000	145.70755567400
27.240000000000	144.26106328024
27.248000000000	142.82632625429
27.256000000000	141.40357837175
27.264000000000	139.99303543652
27.272000000000	138.59489551976
27.280000000000	137.20933924473
27.288000000000	135.83653011343
27.296000000000	134.47661487117
27.304000000000	133.12972390499
27.312000000000	131.79597167213
27.320000000000	130.47545715465
27.328000000000	129.16826433651
27.336000000000	127.87446269958
27.344000000000	126.59410773511
27.352000000000	125.32724146742
27.360000000000	124.07389298671
27.368000000000	122.83407898814
27.376000000000	121.60780431445
27.384000000000	120.39506249969
27.392000000000	119.19583631158
27.400000000000	118.01009829066
27.408000000000	116.83781128409
27.416000000000	115.67892897248
27.424000000000	114.53339638824
27.432000000000	113.40115042400
27.440000000000	112.28212032998
27.448000000000	111.17622819931
27.456000000000	110.08338944029
27.464000000000	109.00351323501
27.472000000000	107.93650298364
27.480000000000	106.88225673392
27.488000000000	105.84066759557
27.496000000000	104.81162413917
27.504000000000	103.79501077966
27.512000000000	102.79070814403
27.520000000000	101.79859342351
27.528000000000	100.81854071015
27.536000000000	99.850421317985
27.544000000000	98.894104089012
27.552000000000	97.949455684187
27.560000000000	97.016340859716
27.568000000000	96.094622728998
27.576000000000	95.184163010544
27.584000000000	94.284822262263
27.592000000000	93.396460102510
27.600000000000	92.518935418300
27.608000000000	91.652106561141
27.616000000000	90.795831530889
27.624000000000	89.949968148088
27.632000000000	89.114374215242
27.640000000000	88.288907667444
27.648000000000	87.473426712828
27.656000000000	86.667789963270
27.664000000000	85.871856555770
27.672000000000	85.085486264960
27.680000000000	84.308539607135
27.688000000000	83.540877936228
27.696000000000	82.782363532131
27.704000000000	82.032859681741
27.712000000000	81.292230753125
27.720000000000	80.560342263143
27.728000000000	79.837060938913
27.736000000000	79.122254773431
27.744000000000	78.415793075702
27.752000000000	77.717546515663
27.760000000000	77.027387164239
27.768000000000	76.345188528789
27.776000000000	75.670825584246
27.784000000000	75.004174800195
27.792000000000	74.345114164165
27.800000000000	73.693523201349
27.808000000000	73.049282991019
27.816000000000	72.412276179814
27.824000000000	71.782386992144
27.832000000000	71.159501237891
27.840000000000	70.543506317598
27.848000000000	69.934291225324
27.856000000000	69.331746549331
27.864000000000	68.735764470772
27.872000000000	68.146238760521
27.880000000000	67.563064774283
27.888000000000	66.986139446144
27.896000000000	66.415361280649
27.904000000000	65.850630343560
27.912000000000	65.291848251394
27.920000000000	64.738918159843
27.928000000000	64.191744751178
27.936000000000	63.650234220741
27.944000000000	63.114294262588
27.952000000000	62.583834054394
27.960000000000	62.058764241676
27.968000000000	61.538996921413
27.976000000000	61.024445625132
27.984000000000	60.515025301519
27.992000000000	60.010652298619
28.000000000000	59.511244345671
28.008000000000	59.016720534640
28.016000000000	58.527001301483
28.024000000000	58.042008407202
28.032000000000	57.561664918715
28.040000000000	57.085895189598
28.048000000000	56.614624840717
28.056000000000	56.147780740788
28.064000000000	55.685290986905
28.072000000000	55.227084885051
28.080000000000	54.773092930618
28.088000000000	54.323246788975
28.096000000000	53.877479276084
28.104000000000	53.435724339198
28.112000000000	52.997917037659
28.120000000000	52.563993523804
28.128000000000	52.133891024002
28.136000000000	51.707547819835
28.144000000000	51.284903229426
28.152000000000	50.865897588940
28.160000000000	50.450472234257
28.168000000000	50.038569482834
28.176000000000	49.630132615747
28.184000000000	49.225105859951
28.192000000000	48.823434370728
28.200000000000	48.425064214360
28.208000000000	48.029942351006
28.216000000000	47.638016617808
28.224000000000	47.249235712215
28.232000000000	46.863549175535
28.240000000000	46.480907376710
28.248000000000	46.101261496329
28.256000000000	45.724563510862
28.264000000000	45.350766177132
28.272000000000	44.979823017019
28.280000000000	44.611688302385
28.288000000000	44.246317040246
28.296000000000	43.883664958163
28.304000000000	43.523688489865
28.312000000000	43.166344761100
28.320000000000	42.811591575716
28.328000000000	42.459387401959
28.336000000000	42.109691359002
28.344000000000	41.762463203689
28.352000000000	41.417663317499
28.360000000000	41.075252693726
28.368000000000	40.735192924870
28.376000000000	40.397446190241
28.384000000000	40.061975243768
28.392000000000	39.728743402016
28.400000000000	39.397714532396
28.408000000000	39.068853041585
28.416000000000	38.742123864130
28.424000000000	38.417492451250
28.432000000000	38.094924759824
28.440000000000	37.774387241562
28.448000000000	37.455846832365
28.456000000000	37.139270941849
28.464000000000	36.824627443057
28.472000000000	36.511884662335
28.480000000000	36.201011369375
28.488000000000	35.891976767423
28.496000000000	35.584750483646
28.504000000000	35.279302559659
28.512000000000	34.975603442195
28.520000000000	34.673623973938
28.528000000000	34.373335384487
28.536000000000	34.074709281472
28.544000000000	33.777717641801
28.552000000000	33.482332803049
28.560000000000	33.188527454967
28.568000000000	32.896274631126
28.576000000000	32.605547700683
28.584000000000	32.316320360262
28.592000000000	32.028566625957
28.600000000000	31.742260825439
28.608000000000	31.457377590180
28.616000000000	31.173891847774
28.624000000000	30.891778814362
28.632000000000	30.611013987156
28.640000000000	30.331573137049
28.648000000000	30.053432301322
28.656000000000	29.776567776432
28.664000000000	29.500956110879
28.672000000000	29.226574098160
28.680000000000	28.953398769783
28.688000000000	28.681407388361
28.696000000000	28.410577440767
28.704000000000	28.140886631350
28.712000000000	27.872312875208
28.720000000000	27.604834291516
28.728000000000	27.338429196895
28.736000000000	27.073076098836
28.744000000000	26.808753689151
28.752000000000	26.545440837466
28.760000000000	26.283116584741
28.768000000000	26.021760136813
28.776000000000	25.761350857959
28.784000000000	25.501868264475
28.792000000000	25.243292018259
28.800000000000	24.985601920397
28.808000000000	24.728777904749
28.816000000000	24.472800031522
28.824000000000	24.217648480824
28.832000000000	23.963303546199
28.840000000000	23.709745628128
28.848000000000	23.456955227495
28.856000000000	23.204912938998
28.864000000000	22.953599444516
28.872000000000	22.702995506400
28.880000000000	22.453081960700
28.888000000000	22.203839710304
28.896000000000	21.955249717976
28.904000000000	21.707292999293
28.912000000000	21.459950615465
28.920000000000	21.213203666011
28.928000000000	20.967033281298
28.936000000000	20.721420614909
28.944000000000	20.476346835838
28.952000000000	20.231793120474
28.960000000000	19.987740644380
28.968000000000	19.744170573822
28.976000000000	19.501064057041
28.984000000000	19.258402215227
28.992000000000	19.016166133185
29.000000000000	18.774336849648
29.008000000000	18.532895347212
29.016000000000	18.291822541845
29.024000000000	18.051099271954
29.032000000000	17.810706286931
29.040000000000	17.570624235165
29.048000000000	17.330833651435
29.056000000000	17.091314943654
29.064000000000	16.852048378866
29.072000000000	16.613014068460
29.080000000000	16.374191952482
29.088000000000	16.135561782991
29.096000000000	15.897103106332
29.104000000000	15.658795244229
29.112000000000	15.420617273575
29.120000000000	15.182548004770
29.128000000000	14.944565958473
29.136000000000	14.706649340564
29.144000000000	14.468776015167
29.152000000000	14.230923475474
29.160000000000	13.993068812161
29.168000000000	13.755188679116
29.176000000000	13.517259256164
29.184000000000	13.279256208480
29.192000000000	13.041154642278
29.200000000000	12.802929056386
29.208000000000	12.564553289209
29.216000000000	12.326000460581
29.224000000000	12.087242907915
29.232000000000	11.848252116018
29.240000000000	11.608998639890
29.248000000000	11.369452019737
29.256000000000	11.129580687433
29.264000000000	10.889351863581
29.272000000000	10.648731444365
29.280000000000	10.407683877407
29.288000000000	10.166172025958
29.296000000000	9.9241570210045
29.304000000000	9.6815981012597
29.312000000000	9.4384524416864
29.320000000000	9.1946749722688
29.328000000000	8.9502181904129
29.336000000000	8.7050319729132
29.344000000000	8.4590633973284
29.352000000000	8.2122565885221
29.360000000000	7.9645526150899
29.368000000000	7.7158894739542
29.376000000000	7.4662022219833
29.384000000000	7.2154233447532
29.392000000000	6.9634835002787
29.400000000000	6.7103128486263
29.408000000000	6.4558432907727
29.416000000000	6.2000121138580
29.424000000000	5.9427678094923
29.432000000000	5.6840792506724
29.440000000000	5.4239500636788
29.448000000000	5.1624410375220
29.456000000000	4.8997049496680
29.464000000000	4.6360404705984
29.472000000000	4.3719750272529
29.480000000000	4.1083905368372
29.488000000000	3.8467095437797
29.496000000000	3.5891581417887
29.504000000000	3.3391041606424
29.512000000000	3.1014072063453
29.520000000000	2.8825637978022
29.528000000000	2.6901479770316
29.536000000000	2.5307552715464
29.544000000000	2.4059428369726
29.552000000000	2.3075037546231
29.560000000000	2.2162981258190
29.568000000000	2.1083866527620
29.576000000000	1.9653913485007
29.584000000000	1.7807487313947
29.592000000000	1.5582184680387
29.600000000000	1.3064847729171
29.608000000000	1.0346190312120
29.616000000000	0.74993894804964
29.624000000000	0.45760073502147
29.632000000000	0.16094442037216
29.640000000000	-0.13799752693563
29.648000000000	-0.43806125988884
29.656000000000	-0.73863326963563
29.664000000000	-1.0394377893565
29.672000000000	-1.3404009209893
29.680000000000	-1.6415660135923
29.688000000000	-1.9430418606907
29.696000000000	-2.2449714408877
29.704000000000	-2.5475133547095
29.712000000000	-2.8508310461563
29.720000000000	-3.1550867673217
29.728000000000	-3.4604384121552
29.736000000000	-3.7670380677772
29.744000000000	-4.0750315770091
29.752000000000	-4.3845586799529
29.760000000000	-4.6957534715717
29.768000000000	-5.0087450164740
29.776000000000	-5.3236580265248
29.784000000000	-5.6406135465864
29.792000000000	-5.9597296180934
29.800000000000	-6.2811219049708
29.808000000000	-6.6049042754568
29.816000000000	-6.9311893385237
29.824000000000	-7.2600889366865
29.832000000000	-7.5917145985325
29.840000000000	-7.9261779550074
29.848000000000	-8.2635911237810
29.856000000000	-8.6040670659180
29.864000000000	-8.9477199188555
29.872000000000	-9.2946653094067
29.880000000000	-9.6450206501892
29.888000000000	-9.9989054225249
29.896000000000	-10.356441448618
29.904000000000	-10.717753155475
29.912000000000	-11.082967832823
29.920000000000	-11.452215887092
29.928000000000	-11.825631093263
29.936000000000	-12.203350846327
29.944000000000	-12.585516413897
29.952000000000	-12.972273191415
29.960000000000	-13.363770961348
29.968000000000	-13.760164157655
29.976000000000	-14.161612136750
29.984000000000	-14.568279456200
29.992000000000	-14.980336162293
30.000000000000	-15.397958087668
